 
--------------------------------------------------------------------------------
Data for Table Block SRCLIST
--------------------------------------------------------------------------------
 
ROW    RA                   DEC                  RA_ERR               DEC_ERR              POS(X,Y)                                 X_ERR                Y_ERR                NPIXSOU    NET_COUNTS           NET_COUNTS_ERR       BKG_COUNTS           BKG_COUNTS_ERR       NET_RATE             NET_RATE_ERR         BKG_RATE             BKG_RATE_ERR         EXPTIME              EXPTIME_ERR          SRC_SIGNIFICANCE     PSF_SIZE             MULTI_CORREL_MAX SHAPE        R[2]                                     ROTANG               PSFRATIO             COMPONENT
 
     1       266.4087004464       -29.0300941014      6.237248749E-05      6.600512817E-05 (     4132.6428571429,     3876.1428571429)     0.39906961769429     0.48294528841598         59        10.7005414963         3.7418699265         3.2994589806     0.03989130258560        10.7005414963         3.7418699265         3.2994589806     0.03989130258560                  1.0                    0         3.5522511005         2.5693674088          0 ellipse      [        6.6155514717         2.3850703239]        52.0851554871     0.51533085107803          1
     2       266.4068211498       -29.0291113116      5.759310415E-05      8.854728427E-05 (     4144.6666666667,     3883.3333333333)     0.36851386559465     0.64788354387156         73        14.1398134232         4.2428588867         3.8601868153     0.04301032796502        14.1398134232         4.2428588867         3.8601868153     0.04301032796502                  1.0                    0         4.4929165840         2.5400495529          0 ellipse      [        8.5965509415         4.0123944283]        71.3667984009     0.77072685956955          2
     3       266.4128202611       -29.0239734980      5.337253583E-05      7.365517392E-05 (     4106.2857142857,     3920.9285714286)     0.34149388838068     0.53893589140398         57        10.4857873917         3.7418808937         3.5142130852     0.04089707136154        10.4857873917         3.7418808937         3.5142130852     0.04089707136154                  1.0                    0         3.4211409092         2.3992130756          0 ellipse      [        6.4377541542         3.1378552914]       113.0593414307     0.62444412708282          3
     4       266.3982140981       -29.0233032158      3.915963129E-05      3.316959739E-05 (     4199.7391304348,     3925.8260869565)     0.25058491614072     0.24267014148290        115        40.4491958618         6.7825269699         5.5508055687     0.05169283971190        40.4491958618         6.7825269699         5.5508055687     0.05169283971190                  1.0                    0        11.5235252380         2.4629902840          0 ellipse      [        5.3859944344         4.6224718094]       141.1052856445     0.67528349161148          4
     5       266.3958291622       -29.0219612848      7.570850295E-05      4.051263849E-05       (     4215.0,     3935.6428571429)     0.48445214165167     0.29635787207053         66        11.3098764420         3.7418301105         2.6901233196     0.03595426306129        11.3098764420         3.7418301105         2.6901233196     0.03595426306129                  1.0                    0         3.9617652893         2.4609792233          0 ellipse      [        5.5591955185         3.1197917461]        14.5333366394     0.56407850980759          5
     6       266.3861167867       -29.0218522228      4.955258498E-05       5.47367569E-05 (     4277.1428571429,     3936.4285714286)     0.31714837281470     0.40043707898667         74        12.7467336655         3.7417416573         1.2532664537     0.02509559504688        12.7467336655         3.7417416573         1.2532664537     0.02509559504688                  1.0                    0         5.2773466110         2.6428375244          0 ellipse      [        4.5418257713         3.4999098778]       103.0016708374     0.50286561250687          6
     7       266.4215570561       -29.0204312453      6.256220462E-05      5.531878998E-05 (     4050.3846153846,     3946.8461538462)     0.40027300651582     0.40479600891103         49         9.7596960068         3.6057674885         3.2403039932     0.03949633985758         9.7596960068         3.6057674885         3.2403039932     0.03949633985758                  1.0                    0         3.2558643818         2.3637547493          0 ellipse      [        5.1707491875         3.3437275887]       134.2153167725     0.58636564016342          7
     8       266.3990000459       -29.0192869209      3.677847974E-05      3.431993843E-05 (     4194.7142857143,     3955.2142857143)     0.23535842030014     0.25109091427248         40        11.9395904541         3.7417879105         2.0604095459     0.03126006200910        11.9395904541         3.7417879105         2.0604095459     0.03126006200910                  1.0                    0         4.4610176086         2.3713858128          0 ellipse      [        2.8200259209         2.6402506828]        95.3921508789     0.38355323672295          8
     9       266.3931732951       -29.0166428265      5.490246241E-05      4.855900585E-05       (     4232.0,     3974.5555555556)     0.35136418446291     0.35524677950434         47         7.1676197052         3.0001389980         1.8323804140     0.02887539938092         7.1676197052         3.0001389980         1.8323804140     0.02887539938092                  1.0                    0         2.7493970394         2.3829891682          0 ellipse      [        3.7566812038         2.4717540741]       134.2044372559     0.42624714970589          9
    10       266.4422982030       -29.0158291877      5.921386082E-05       3.01199247E-05      (     3917.6666666667,     3980.50)     0.37883838047219     0.22047927592212         46        10.3042964935         3.4642181396         1.6957032681     0.02839965187013        10.3042964935         3.4642181396         1.6957032681     0.02839965187013                  1.0                    0         4.0190334320         2.5402848721          0 ellipse      [        3.9439303875         2.2793447971]       175.8371734619     0.39342862367630         10
    11       266.4097279134       -29.0135365064      6.795659561E-05      3.842803681E-05 (     4126.0740740741,     3997.2962962963)     0.43485306767798     0.28116363543268         62        20.3923301697         5.1964454651         6.6076693535     0.05517512932420        20.3923301697         5.1964454651         6.6076693535     0.05517512932420                  1.0                    0         5.4928803444         2.2652637959          0 ellipse      [        7.2475633621         3.5543382168]        23.9549942017     0.74685335159302         11
    12       266.4039097003       -29.0107636204      5.849977282E-05      4.813671809E-05 (     4163.3055555556,     4017.5833333333)     0.37437075693560     0.35218673147483         85        25.8625564575         6.0004010201        10.1374435425     0.06936187297106        25.8625564575         6.0004010201        10.1374435425     0.06936187297106                  1.0                    0         6.0150899887         2.2597002983          0 ellipse      [        6.9038381577         6.1590781212]       151.2324523926     0.96190249919891         12
    13       266.3986923602       -29.0096864285      3.559280719E-05      3.194436988E-05 (     4196.6923076923,     4025.4615384615)     0.22779143851949     0.23370908471134         35        10.1287069321         3.6057329178         2.8712930679     0.03620379790664        10.1287069321         3.6057329178         2.8712930679     0.03620379790664                  1.0                    0         3.4890849590         2.2784140110          0 ellipse      [        2.6149499416         2.3714077473]        52.6275596619     0.36431825160980         13
    14       266.4157523594       -29.0081594994      2.940766814E-05      2.936228343E-05 (     4087.5242718447,     4036.6407766990)     0.18818161878971     0.21484819128318         70        66.8055572510        10.1497669220        36.1944389343     0.13329638540745        66.8055572510        10.1497669220        36.1944389343     0.13329638540745                  1.0                    0         9.4382219315         2.2332694530          0 ellipse      [        6.7083930969         5.5330610275]        66.9123077393     0.90934693813324         14
    15       266.4169991460       -29.0076796963      2.594280852E-05      2.902767203E-05 (     4079.5458167331,     4040.1513944223)     0.16600801036884     0.21240130845990        161       165.0948638916        15.8443069458        85.9051361084     0.20506975054741       165.0948638916        15.8443069458        85.9051361084     0.20506975054741                  1.0                    0        16.0148296356         2.2375411987          0 ellipse      [       10.0980720520         7.8865203857]        87.8150863647         1.3294427395         15
    16       266.4373682567       -29.0075481185      4.075758386E-05      3.332964306E-05              (     3949.20,     4041.10)     0.26076809620827     0.24392621835295         34        14.6234512329         4.4724178314         5.3765487671     0.05022374168038        14.6234512329         4.4724178314         5.3765487671     0.05022374168038                  1.0                    0         4.2079615593         2.3885436058          0 ellipse      [        3.6988966465         3.0443658829]        34.8587188721     0.46830639243126         16
    17       266.4156829560       -29.0064552211      2.299453104E-05      2.417784857E-05 (     4087.9682539683,     4049.1111111111)     0.14714594604447     0.17691273542096         76        75.8537750244        10.6309995651        37.1462249756     0.13475151360035        75.8537750244        10.6309995651        37.1462249756     0.13475151360035                  1.0                    0        10.6000385284         2.2322356701          0 ellipse      [        4.2639546394         3.4411287308]        74.8098297119     0.57199925184250         17
    18       266.4086592409       -29.0062173143      3.379598218E-05      2.712027663E-05 (     4132.9148936170,     4050.8510638298)     0.21627927726331     0.19843060506582        116        78.6164779663         9.6957263947        15.3835220337     0.08432759344578        78.6164779663         9.6957263947        15.3835220337     0.08432759344578                  1.0                    0        15.6710939407         2.2252736092          0 ellipse      [        7.2412242889         4.5220327377]        39.3550529480     0.85717236995697         18
    19       266.4158508753       -29.0056140570      1.813019594E-05      1.875179723E-05 (     4086.8936170213,     4055.2659574468)     0.11601900094411     0.13720973883028         82       102.5853424072        11.7905664444        36.4146575928     0.13216055929661       102.5853424072        11.7905664444        36.4146575928     0.13216055929661                  1.0                    0        14.4562091827         2.2325694561          0 ellipse      [        4.1122465134         3.2255482674]       112.8773803711     0.54376983642578         19
    20       266.4325068620       -28.9962596869      5.948453753E-05      3.706019717E-05 (     3980.2962962963,     4123.7037037037)     0.38065287505651     0.27123056877826         61        20.0190849304         5.1964879036         6.9809141159     0.05904548242688        20.0190849304         5.1964879036         6.9809141159     0.05904548242688                  1.0                    0         5.2954211235         2.3371713161          0 ellipse      [        6.2601652145         3.7278344631]       156.6297454834     0.68898445367813         20
    21       266.4161984835       -28.9837913266      6.378284644E-05      3.636793125E-05 (     4084.6666666667,     4214.9444444444)     0.40824829046414     0.26611310857788         69        15.0069885254         4.2428045273         2.9930112362     0.03730687126517        15.0069885254         4.2428045273         2.9930112362     0.03730687126517                  1.0                    0         5.1136603355         2.3648579121          0 ellipse      [        5.1989006996         3.3828468323]       177.5460968018     0.59111315011978         21
    22       266.4386809823       -28.9746095757      1.734196752E-05       1.57834898E-05     (     3940.750,     4282.1120689655)     0.11098614818593     0.11551180617971         98       112.5936431885        10.7704095840         3.4063596725     0.04157361015677       112.5936431885        10.7704095840         3.4063596725     0.04157361015677                  1.0                    0        37.0530433655         2.7680559158          0 ellipse      [        3.9370985031         3.3599460125]        52.3602027893     0.43798393011093         22
    23       266.4229154606       -28.9707545885      2.812643856E-05      5.656174687E-05 (     4041.6666666667,     4310.3333333333)     0.18002057495596     0.41387956738254         48        10.7285842896         3.4641931057         1.2714159489     0.02518022619188        10.7285842896         3.4641931057         1.2714159489     0.02518022619188                  1.0                    0         4.4300680161         2.6925408840          0 ellipse      [        4.3575534821         1.7354328632]       100.0681533813     0.34044089913368         23
    24        266.435365160       -28.9935635408      5.047115047E-05      3.857212505E-05       (     3962.0,     4143.4285714286)     0.32296809443460     0.28229243430269         64        27.5404415131         6.0003395081         8.4595584869     0.06384550780058        27.5404415131         6.0003395081         8.4595584869     0.06384550780058                  1.0                    0         6.8258528709         2.3888750076          0 ellipse      [        4.799205780         3.4268260002]       147.1705474854     0.56586915254593         24
    25       266.4311829728       -28.9779914493      7.689267443E-05      6.362442009E-05           (     3988.750,     4257.3750)     0.49212549212552     0.46561451330490         65         6.8353114128         2.8285157681         1.1646883488     0.02239041030407         6.8353114128         2.8285157681         1.1646883488     0.02239041030407                  1.0                    0         2.8674945831         2.5496602058          0 ellipse      [        4.1808838844         3.9455144405]       171.4486389160     0.53098505735397         25
    26       266.4005736498       -29.0301627377      7.590523467E-05      9.668195952E-05 (     4184.6363636364,     3875.6363636364)     0.48570860346808     0.70737236120794         88         8.5733880997         3.3168048859         2.4266114235     0.03456490114331         8.5733880997         3.3168048859         2.4266114235     0.03456490114331                  1.0                    0         3.0813977718         2.6152749062          0 ellipse      [        7.0425930023         4.8264322281]        87.2414321899     0.74308890104294         26
    27       266.4303707784       -29.0295357561      7.767556991E-05      5.161049568E-05       (     3994.0,     3880.2222222222)     0.49690399500014     0.37770514915519         62         7.9266934395         3.0000884533         1.0733067989     0.02302750945091         7.9266934395         3.0000884533         1.0733067989     0.02302750945091                  1.0                    0         3.3726322651         2.6237032413          0 ellipse      [        4.8077516556         2.9053533077]        27.4329032898     0.47482603788376         27
    28       266.4213558149       -29.0075920367      4.665556668E-05      6.339758234E-05 (     4051.6666666667,     4040.7916666667)     0.29853035083624     0.46390240332948         42        10.1465673447         4.8996491432        13.8534326553     0.08101714402437        10.1465673447         4.8996491432        13.8534326553     0.08101714402437                  1.0                    0         2.1044666767         2.2638237476          0 ellipse      [        6.8186178207         4.3864364624]        88.9485702515     0.80526763200760         28
    29       266.4239690599       -28.9816455474      6.404357043E-05      8.120973605E-05 (     4034.9285714286,     4230.6428571429)     0.40988158710979     0.59425088202534         71        10.7886705399         3.7418587208         3.2113296986     0.03880997747183        10.7886705399         3.7418587208         3.2113296986     0.03880997747183                  1.0                    0         3.6078782082         2.4215879440          0 ellipse      [        7.0965800285         3.9117538929]       114.1458358765     0.72525179386139         29
    30       266.4272722183       -28.9716957235       5.36625729E-05      6.115596298E-05 (     4013.7777777778,     4303.4444444444)     0.34346735168492     0.44752022124430         56         7.7278232574         3.0001008511         1.2721768618     0.02461083792150         7.7278232574         3.0001008511         1.2721768618     0.02461083792150                  1.0                    0         3.1906354427         2.7053830624          0 ellipse      [        4.3365898132         2.6404101849]        62.1434402466      0.4169268310070         30
