 
--------------------------------------------------------------------------------
Data for Table Block SRCLIST
--------------------------------------------------------------------------------
 
ROW    RA                   DEC                  RA_ERR               DEC_ERR              POS(X,Y)                                 X_ERR                Y_ERR                NPIXSOU    NET_COUNTS           NET_COUNTS_ERR       BKG_COUNTS           BKG_COUNTS_ERR       NET_RATE             NET_RATE_ERR         BKG_RATE             BKG_RATE_ERR         EXPTIME              EXPTIME_ERR          SRC_SIGNIFICANCE     PSF_SIZE             MULTI_CORREL_MAX SHAPE        R[2]                                     ROTANG               PSFRATIO             COMPONENT
 
     1       266.3982067675       -29.0232947537      6.467898356E-05      4.866120781E-05     (     4201.3333333333,     3925.750)     0.41387956738254     0.35600015605496         53         9.1050596237         3.4643034935         2.8949406147     0.03739032521844         9.1050596237         3.4643034935         2.8949406147     0.03739032521844                  1.0                    0         3.1297762394         2.4693720341          0 ellipse      [        4.8228435516         2.9879226685]        35.1898956299     0.51242285966873          1
     2       266.3955128421       -29.0217861860       7.35593203E-05      5.199393616E-05 (     4218.5714285714,     3936.7857142857)     0.47071684059938     0.38036732284945         67        10.9389495850         3.7418541908         3.0610504150     0.03838343545794        10.9389495850         3.7418541908         3.0610504150     0.03838343545794                  1.0                    0         3.7053661346         2.4680416584          0 ellipse      [        5.6389517784         3.7881636620]       151.8659515381     0.62422305345535          2
     3       266.3862090444       -29.0217825989      3.647924314E-05      2.664890324E-05              (     4278.10,     3936.80)     0.23345235059787     0.19493588689602         51        18.6831645966         4.4722123146         1.3168362379     0.02609439752996        18.6831645966         4.4722123146         1.3168362379     0.02609439752996                  1.0                    0         7.6644172668         2.6418371201          0 ellipse      [        3.6497685909         1.8246066570]       143.6462249756     0.32560420036316          3
     4       266.4173078709       -29.0153592926      2.875183719E-05      2.847496522E-05 (     4079.1190476190,     3983.8214285714)     0.18396979959016     0.20835762734941         87        64.2973098755         9.1656675339        19.7026939392     0.09730423241854        64.2973098755         9.1656675339        19.7026939392     0.09730423241854                  1.0                    0        11.6428623199         2.2871422768          0 ellipse      [        5.7742962837         5.0064349174]        75.4516906738     0.78360891342163          4
     5       266.4096296972       -29.0134693241      5.048773676E-05      2.943283139E-05            (     4128.250,     3997.650)     0.32307119958296     0.21534855467371         43        13.8115596771         4.4724602699         6.1884407997     0.05384024605155        13.8115596771         4.4724602699         6.1884407997     0.05384024605155                  1.0                    0         3.8005530834         2.2648973465          0 ellipse      [        4.3379397392         2.8839695454]       176.9248046875     0.52055579423904          5
     6       266.4037124195       -29.0108349902      5.658897607E-05      3.998306748E-05 (     4166.1153846154,     4016.9230769231)     0.36213912082349     0.29252561169960         59        18.3405532837         5.0993800163         7.6594462395     0.06064816191792        18.3405532837         5.0993800163         7.6594462395     0.06064816191792                  1.0                    0         4.7028212547         2.2609262466          0 ellipse      [        5.9656119347         3.8888318539]        29.2975864410     0.71011620759964          6
     7       266.3984991647       -29.0095679252       6.78877343E-05      3.397310639E-05 (     4199.4761904762,     4026.1904761905)     0.43445197119945     0.24852442192878         59        15.9649677277         4.5828294754         5.0350327492     0.04822781682014        15.9649677277         4.5828294754         5.0350327492     0.04822781682014                  1.0                    0         4.6883950233         2.2799637318          0 ellipse      [        6.0734367371         3.2342398167]       167.6278839111     0.64796888828278          7
     8       266.4156435436       -29.0081153461      2.175753468E-05      2.186931898E-05 (     4089.7681159420,     4036.8260869565)     0.13922841890280     0.16002063737278         68        77.1516647339        10.7246637344        37.8483390808     0.13568541407585        77.1516647339        10.7246637344        37.8483390808     0.13568541407585                  1.0                    0        10.6965579987         2.2329859734          0 ellipse      [        4.0148301125         3.4381170273]        77.0104827881     0.55460870265961          8
     9       266.4168564490       -29.0077303727      2.121295262E-05      1.918484536E-05 (     4082.0064935065,     4039.6428571429)     0.13574278991246     0.14037950977854        155       177.5962829590        16.4025802612        91.4037094116     0.21123935282230       177.5962829590        16.4025802612        91.4037094116     0.21123935282230                  1.0                    0        16.7548847198         2.2373387814          0 ellipse      [        5.2798390388         4.9974956512]       116.1499176025     0.76530319452286          9
    10       266.4374711983       -29.0076219411      4.833502589E-05      4.867712262E-05 (     3950.0888888889,     4040.4222222222)     0.30923597162246     0.35623392077378         83        31.8186454773         6.7086634636        13.1813554764     0.07853899896145        31.8186454773         6.7086634636        13.1813554764     0.07853899896145                  1.0                    0         6.7234711647         2.3860008717          0 ellipse      [        7.6376166344         5.6383733749]        59.2523956299     0.91677761077881         10
    11       266.4086345104       -29.0062417382      3.295851923E-05      2.585998589E-05 (     4134.6206896552,     4050.5344827586)     0.21092005322134     0.18920874926289         72        47.8158493042         7.6160855293        10.1841497421     0.06898785382509        47.8158493042         7.6160855293        10.1841497421     0.06898785382509                  1.0                    0        11.1027107239         2.2254788876          0 ellipse      [        5.3991823196         3.5719406605]        36.9701423645     0.65776592493057         11
    12        266.415875530       -29.0058932160      2.204602691E-05      2.448701376E-05 (     4088.2834224599,     4053.0855614973)     0.14107704017852     0.17917479317657        164       172.2612915039        16.0012760162        83.7387008667     0.20210129022598       172.2612915039        16.0012760162        83.7387008667     0.20210129022598                  1.0                    0        16.9019927979         2.2320642471          0 ellipse      [        7.4906206131         5.6051111221]        73.1319427490     0.96766060590744         12
    13       266.4324697406       -28.9963203315      5.276181668E-05       5.04494569E-05 (     3982.0816326531,     4123.1224489796)     0.33761386120614     0.36919337885229        106        34.1442756653         7.0005211830        14.8557243347     0.08541444689035        34.1442756653         7.0005211830        14.8557243347     0.08541444689035                  1.0                    0         6.8972649574         2.3372383118          0 ellipse      [        8.9554204941         5.4933547974]        50.6743316650         1.0003168583         13
    14       266.4343783168       -28.9883027530      4.424975674E-05      5.197705953E-05 (     3969.8571428571,     4181.7857142857)     0.28315177399008     0.38036732284854         39        11.0138025284         3.7418422699          2.986197710     0.03720244765282        11.0138025284         3.7418422699          2.986197710     0.03720244765282                  1.0                    0         3.7552285194         2.4191269875          0 ellipse      [        4.2715525627         3.1757631302]        87.4173812866     0.50750112533569         14
    15       266.4425163830       -28.9850000705      5.595829037E-05      4.171590641E-05 (     3917.7647058824,     4205.9411764706)     0.35809387496147     0.30532288468476         48        13.4900970459         4.1232986450         3.5099027157     0.03989967703819        13.4900970459         4.1232986450         3.5099027157     0.03989967703819                  1.0                    0         4.4028406143         2.6001956463          0 ellipse      [        4.5601921082         3.6175959110]       157.0089416504     0.52068412303925         15
    16       266.4386309856       -28.9746905981      2.739747333E-05      3.726634355E-05 (     3942.6181818182,     4281.3818181818)     0.17532196421007     0.27271625322101        104        50.7620391846         7.4163384438         4.2379598618     0.04556109756231        50.7620391846         7.4163384438         4.2379598618     0.04556109756231                  1.0                    0        15.6994018555         2.7642138004          0 ellipse      [        6.1439466476         3.7791974545]        78.4989547729     0.58107292652130         16
    17       266.4270664544       -28.9714838662      5.821545744E-05       4.94965205E-05 (     4016.6428571429,     4304.8571428571)     0.37262366605091     0.36220896631221         66        12.2405538559         3.7417707443         1.7594456673     0.02912517823279        12.2405538559         3.7417707443         1.7594456673     0.02912517823279                  1.0                    0         4.7368311882         2.7010190487          0 ellipse      [        5.3301701546         2.3695564270]       136.2121887207     0.43858641386032         17
    18       266.4229274588       -28.9707389140      2.717573949E-05      2.318476587E-05 (     4043.1379310345,     4310.3103448276)     0.17395270402221     0.16965691249334         53        27.0582771301         5.3852515221         1.9417233467     0.03055098839104        27.0582771301         5.3852515221         1.9417233467     0.03055098839104                  1.0                    0        10.2468347549         2.6931109428          0 ellipse      [        2.9545447826         2.5847418308]       140.4201507568     0.34204116463661         18
    19       266.4302609171       -29.0294619205      6.626573645E-05      6.362629236E-05           (     3996.250,     3880.6250)     0.42389562394510     0.46561451330490         54         6.6558170319         2.8285424709         1.3441829681     0.02555639669299         6.6558170319         2.8285424709         1.3441829681     0.02555639669299                  1.0                    0         2.7198469639         2.6222958565          0 ellipse      [        4.8056159019         2.3351511955]         49.355720520     0.42582297325134         19
    20       266.4107413852       -29.0267784142      6.228515497E-05      6.373615288E-05 (     4121.1333333333,     3900.2666666667)     0.39851576482579     0.46634909829572         55        10.8362836838         3.8732347488         4.1637158394     0.04412685707211        10.8362836838         3.8732347488         4.1637158394     0.04412685707211                  1.0                    0         3.3687682152         2.4692747593          0 ellipse      [        6.0531511307         3.7628924847]       124.6861801147     0.64425975084305         20
    21       266.4353319966       -28.9935759907       3.88176889E-05      3.786822408E-05             (     3963.760,     4143.20)     0.24838679514005     0.27712812921072        127        37.3285484314         7.4839119911        18.6714496613     0.09453643113375        37.3285484314         7.4839119911        18.6714496613     0.09453643113375                  1.0                    0         6.9037737846         2.3872663975          0 ellipse      [        4.2145280838         3.6605129242]       109.4185028076     0.54843264818192         21
    22       266.4200287063       -29.0303974222      7.962401492E-05      8.858689436E-05 (     4061.7142857143,     3873.7857142857)     0.50938710099354     0.64822025915055         76        10.1354579926         3.7419168949         3.8645415306     0.04407478496432        10.1354579926         3.7419168949         3.8645415306     0.04407478496432                  1.0                    0         3.2194983959         2.5734829903          0 ellipse      [        7.4068732262         5.5476102829]        73.6094131470     0.83028632402420         22
    23       266.4003678603       -29.0303333302      0.0001033787977      4.866426904E-05             (     4187.50,     3874.250)     0.66143782776635     0.35600015605496         73         9.9811840057         3.4642515182         2.0188155174     0.03222102299333         9.9811840057         3.4642515182         2.0188155174     0.03222102299333                  1.0                    0         3.7467248440         2.6182026863          0 ellipse      [        6.9785337448         3.4982235432]       168.4974212646     0.62904447317123         23
    24       266.4141227148       -29.0127187240       3.05699383E-05      7.020054567E-05      (     4099.50,     4003.1428571429)     0.19561519910894     0.51366175300609         24         6.7501664162         3.7421209812         7.2498335838     0.05889642611146         6.7501664162         3.7421209812         7.2498335838     0.05889642611146                  1.0                    0         1.7631831169         2.2583320141          0 ellipse      [        5.7708697319         2.1825189590]        92.5846939087     0.52383029460907         24
    25       266.3825627288       -29.0060062473       6.27097121E-05      5.594830944E-05 (     4301.4615384615,     4052.2307692308)     0.40140853505727     0.40926902877618         56         10.276178360         3.6057300568         2.7238211632     0.03591191396117         10.276178360         3.6057300568         2.7238211632     0.03591191396117                  1.0                    0         3.5882780552         2.5505445004          0 ellipse      [        4.4487023354         4.3195776939]        65.5929641724     0.57290571928024         25
    26       266.4070557893       -28.9848489280      8.894652342E-05       6.24232988E-05 (     4144.7333333333,     4207.0666666667)     0.56934009884026     0.45671938057512         78        11.2117052078         3.8732223511         3.7882950306     0.04302513226867        11.2117052078         3.8732223511         3.7882950306     0.04302513226867                  1.0                    0         3.5816397667         2.3495311737          0 ellipse      [        7.064373970         4.6919741631]        27.9954338074     0.81679332256317         26
    27       266.3870761178       -28.9790471162      8.254646963E-05      6.393679443E-05            (     4272.6250,     4249.50)     0.52848545391498     0.46770717334675         53         6.3674440384         2.8285686970         1.6325559616     0.02829336561263         6.3674440384         2.8285686970         1.6325559616     0.02829336561263                  1.0                    0         2.5033659935         2.7362856865          0 ellipse      [        5.0557031631         3.2092432976]       143.2990570068     0.49069246649742         27
