 
--------------------------------------------------------------------------------
Data for Table Block SRCLIST
--------------------------------------------------------------------------------
 
ROW    RA                   DEC                  RA_ERR               DEC_ERR              POS(X,Y)                                 X_ERR                Y_ERR                NPIXSOU    NET_COUNTS           NET_COUNTS_ERR       BKG_COUNTS           BKG_COUNTS_ERR       NET_RATE             NET_RATE_ERR         BKG_RATE             BKG_RATE_ERR         EXPTIME              EXPTIME_ERR          SRC_SIGNIFICANCE     PSF_SIZE             MULTI_CORREL_MAX SHAPE        R[2]                                     ROTANG               PSFRATIO             COMPONENT
 
     1       266.4199621072       -29.0303288440      6.140232011E-05      4.920540635E-05 (     4093.3333333333,     3945.6666666667)     0.39283710065911     0.36004114991147         45        12.1699895859         4.2429728508         5.8300099373     0.05308677256107        12.1699895859         4.2429728508         5.8300099373     0.05308677256107                  1.0                    0         3.4135954380         2.4428384304          0 ellipse      [        6.4504103661         2.0957591534]        41.9149131775     0.50170493125916          1
     2       266.4081801541       -29.0265667863      3.351727509E-05      4.377470774E-05 (     4168.7142857143,     3973.1904761905)     0.21447459551655     0.32028224244505         68        29.5556545258         6.6337804794        14.4443464279     0.08393342792988        29.5556545258         6.6337804794        14.4443464279     0.08393342792988                  1.0                    0         6.0342383385         2.4079580307          0 ellipse      [        4.4314169884         2.9058866501]        98.5897674561     0.49675297737122          2
     3       266.4170447748       -29.0155210281      4.271618832E-05       3.56359524E-05       (     4112.0,     4054.0163934426)     0.27333331148384     0.26074521948840         69        28.4968128204         7.8112530708        32.5031852722     0.12519098818302        28.4968128204         7.8112530708        32.5031852722     0.12519098818302                  1.0                    0         4.2114195824         2.2720229626          0 ellipse      [        7.0368437767         5.3688616753]       140.1374511719     0.90177065134048          3
     4       266.4095156264       -29.0135944983       2.41743474E-05      1.856180434E-05 (     4160.1779141104,     4068.1104294479)     0.15469863651379     0.13580503539333        112       133.4188842773        12.7676773071        29.5811100006     0.11655846983194       133.4188842773        12.7676773071        29.5811100006     0.11655846983194                  1.0                    0         20.502740860         2.2935476303          0 ellipse      [        6.6430826187         4.2465395927]        36.0146446228     0.77192199230194          4
     5       266.4173184627       -29.0083350278      2.501938411E-06      2.307946794E-06 (     4110.2497109827,     4106.5969171484)     0.01601056264644     0.01688712420855        132      2743.8227539062        54.5996055603       237.1771697998     0.34169933199883      2743.8227539062        54.5996055603       237.1771697998     0.34169933199883                  1.0                    0       167.0527496338         2.2411499023          0 ellipse      [        2.6654400826         2.3542444706]        57.7699432373     0.37257874011993          5
     6       266.4155497538       -29.0080360868       1.91505859E-05      1.813697611E-05          (     4121.5680,     4108.7840)     0.12255206240570     0.13270550855214        104       195.2006072998        19.0021610260       165.7993927002     0.28658357262611       195.2006072998        19.0021610260       165.7993927002     0.28658357262611                  1.0                    0        14.0377531052         2.2459559441          0 ellipse      [        4.6137313843         3.9270806313]        59.9066429138     0.63174027204514          6
     7       266.4167664654       -29.0078729884      3.748177562E-06      3.048284313E-06 (     4113.7820965842,     4109.9776207303)     0.02398573188475     0.02230397083167         97      1065.4671630859        35.3283386230       182.5328826904     0.30264309048653      1065.4671630859        35.3283386230       182.5328826904     0.30264309048653                  1.0                    0        73.2874145508         2.2421355247          0 ellipse      [        2.1423401833         1.8993444443]        26.3613796234     0.29989066720009          7
     8       266.4085460350       -29.0062802144       1.64701467E-05      1.566083063E-05 (     4166.3870967742,     4121.6290322581)     0.10540748617859     0.11458169628531         73        60.6910934448         8.9447717667        19.3089046478     0.09455793350935        60.6910934448         8.9447717667        19.3089046478     0.09455793350935                  1.0                    0        11.0776109695         2.2805118561          0 ellipse      [        2.7107264996         2.4855012894]        97.8939743042      0.3793990612030          8
     9       266.4156906722       -29.0062143738      1.557795713E-05       1.67798002E-05 (     4120.6666666667,     4122.1136363636)     0.09969151991481     0.12277583384457        157       400.2260742188        24.6394004822       206.7739105225     0.31629791855812       400.2260742188        24.6394004822       206.7739105225     0.31629791855812                  1.0                    0        25.9791069031         2.2433898449          0 ellipse      [        6.1020808220         4.7110347748]       107.8924636841     0.79665654897690          9
    10       266.4205642148       -29.0006636331      2.603921632E-05      2.158601041E-05 (     4089.4791666667,     4162.7291666667)     0.16663953772286     0.15794795021338         67        43.9470863342         8.4860420227        28.0529136658     0.11360619217157        43.9470863342         8.4860420227        28.0529136658     0.11360619217157                  1.0                    0         6.9025015831         2.2325761318          0 ellipse      [        3.4910600185         3.2536036968]       159.7751464844     0.50319170951843         10
    11       266.4234047802       -28.9980367330      2.237281581E-05      1.173598482E-05             (     4071.30,     4181.950)     0.14317821063241     0.08587782018640         46        28.1617393494         6.4036040306        12.8382606506     0.07840171456337        28.1617393494         6.4036040306        12.8382606506     0.07840171456337                  1.0                    0         6.0094714165         2.2522878647          0 ellipse      [        1.9789086580         1.0494858027]       163.5360717773     0.21328288316727         11
    12       266.4243979183       -28.9883426130      4.402233003E-05      4.235881146E-05 (     4064.9411764706,     4252.8823529412)     0.28174675412902     0.30995426541904         40        11.3744525909         4.1234288216         5.6255474091     0.05162160471082        11.3744525909         4.1234288216         5.6255474091     0.05162160471082                  1.0                    0         3.2268092632         2.3604888916          0 ellipse      [        4.3367648125         2.8349184990]        51.8574066162     0.49514225125313         12
    13       266.4162232319       -28.9838885162      5.308851894E-05      2.761412772E-05 (     4117.2631578947,     4285.4736842105)     0.33980689695727     0.20204523577559         41        13.9437484741         4.3591794968         5.0562515259     0.04946369677782        13.9437484741         4.3591794968         5.0562515259     0.04946369677782                  1.0                    0         4.0895357132         2.4382143021          0 ellipse      [        4.4443402290         2.6407577991]         1.3418875933     0.46835461258888         13
    14       266.4144469467       -29.0273025614      5.714437594E-05      4.279551172E-05 (     4128.6190476190,     3967.8095238095)     0.36562120886629     0.31312228830484         41        13.3225116730         4.5829687119         7.6774888039     0.06000246852636        13.3225116730         4.5829687119         7.6774888039     0.06000246852636                  1.0                    0         3.4133908749         2.3939549923          0 ellipse      [        5.3135824203         3.9448394775]       151.0515899658     0.63748675584793         14
    15       266.4106167074       -29.0269133122      3.952755708E-05      2.872176458E-05        (     4153.1250,     3970.656250)     0.25291271962851     0.21014027587989        100        47.4836273193          8.246802330        20.5163726807     0.09871692955494        47.4836273193          8.246802330        20.5163726807     0.09871692955494                  1.0                    0         8.4617700577         2.4032599926          0 ellipse      [        4.2963080406         3.5610935688]       175.4479827881     0.54252201318741         15
    16       266.4121191199       -29.0117514454      4.686352884E-05      3.097528207E-05 (     4143.5194805195,     4081.5974025974)     0.29989056845443     0.22662969533803         74        37.9720611572         8.7759847641        39.0279388428     0.13384354114532        37.9720611572         8.7759847641        39.0279388428     0.13384354114532                  1.0                    0         5.1966862679         2.2719535828          0 ellipse      [        8.4994983673         5.0671710968]        27.4830265045     0.96285021305084         16
    17       266.4147111786       -29.0092315153      2.438522517E-05      2.157271856E-05 (     4126.9338235294,     4100.0367647059)     0.15604951008572     0.15784286300823         94        92.9017562866        14.5621747971       119.0982437134     0.23862922191620        92.9017562866        14.5621747971       119.0982437134     0.23862922191620                  1.0                    0         7.7758178711         2.2518923283          0 ellipse      [        5.6906189919         5.2837696075]        49.4385948181     0.81167620420456         17
    18       266.4120540609       -29.0080235035      2.919688529E-05      2.667295069E-05         (     4143.93750,     4108.8750)     0.18684782411128     0.19515618745027         43        20.0977573395         7.2121129036        31.9022426605     0.12071496993303        20.0977573395         7.2121129036        31.9022426605     0.12071496993303                  1.0                    0         2.9933149815         2.2618486881          0 ellipse      [        2.5169463158         2.0436975956]        51.1125602722     0.33424159884453         18
    19       266.4131698684       -29.0010228102       3.69753497E-05      4.077331319E-05              (     4136.80,     4160.10)     0.23664319132422     0.29832867780351         81        30.0208950043         7.7468690872        29.9791049957     0.11823294311762        30.0208950043         7.7468690872        29.9791049957     0.11823294311762                  1.0                    0         4.5879769325         2.2637104988          0 ellipse      [        2.8915736675         2.1653640270]        71.9863128662     0.36846008896828         19
    20       266.4234709859       -28.9928023981      4.554493682E-05      4.755664138E-05           (     4070.8750,     4220.250)     0.29148059540921     0.34798527267685         67        19.0092906952         5.4776945114        10.9907093048     0.07168930023909        19.0092906952         5.4776945114        10.9907093048     0.07168930023909                  1.0                    0         4.2944564819         2.2942287922          0 ellipse      [        4.1776380539         3.4955995083]        86.9149093628     0.55522406101227         20
    21       266.4238789773       -28.9820280030      5.651519263E-05      5.442955421E-05 (     4068.2608695652,     4299.0869565217)     0.36172604309604     0.39827853453880        111        32.0358314514         6.7828221321        13.9641695023     0.08169966936111        32.0358314514         6.7828221321        13.9641695023     0.08169966936111                  1.0                    0         6.6245775223         2.4970226288          0 ellipse      [        8.4616661072         6.9456043243]        59.7482109070         1.0233854055         21
    22       266.4079632266       -29.0296404661      7.145152085E-05      4.343944635E-05              (     4170.10,     3950.70)     0.45716517802612     0.31780497164164         23         6.0627021790         3.1625809669         3.9372980595     0.04379550740123         6.0627021790         3.1625809669         3.9372980595     0.04379550740123                  1.0                    0          1.915535450         2.4627339840          0 ellipse      [        4.5843839645         2.6236279011]       156.7259216309     0.46941056847572         22
    23       266.4148699657       -29.0129721009      2.887589324E-05      2.460379757E-05 (     4125.9166666667,     4072.6666666667)     0.18477964854992     0.18002057495596         32        16.6232166290         6.2458462715        22.3767833710     0.10292644798756        16.6232166290         6.2458462715        22.3767833710     0.10292644798756                  1.0                    0         2.8616161346         2.2662682533          0 ellipse      [        2.2016494274         1.5297840834]        42.8554229736     0.26993337273598         23
    24       266.4228087703       -29.0074503807      3.135164951E-05      3.028333867E-05 (     4075.1162790698,     4113.0697674419)     0.20061911293624     0.22159105293304         73        37.4673461914         9.5407390594        53.5326538086     0.16032490134239        37.4673461914         9.5407390594        53.5326538086     0.16032490134239                  1.0                    0         4.4776287079         2.2232632637          0 ellipse      [        4.6013979912         3.6613969803]        58.0898284912     0.61539810895920         24
