 
--------------------------------------------------------------------------------
Data for Table Block SRCLIST
--------------------------------------------------------------------------------
 
ROW    RA                   DEC                  RA_ERR               DEC_ERR              POS(X,Y)                                 X_ERR                Y_ERR                NPIXSOU    NET_COUNTS           NET_COUNTS_ERR       BKG_COUNTS           BKG_COUNTS_ERR       NET_RATE             NET_RATE_ERR         BKG_RATE             BKG_RATE_ERR         EXPTIME              EXPTIME_ERR          SRC_SIGNIFICANCE     PSF_SIZE             MULTI_CORREL_MAX SHAPE        R[2]                                     ROTANG               PSFRATIO             COMPONENT
 
     1       266.4217409744       -29.0361848878      4.198745614E-05      3.041303004E-05       (     4042.93750,     3879.906250)     0.26859552246378     0.22255343020697         74        28.4799308777         5.6570000648         3.5200681686     0.04062854126096        28.4799308777         5.6570000648         3.5200681686     0.04062854126096                  1.0                    0         9.2876987457         2.5646574497          0 ellipse      [        4.6210145950         3.6997590065]       164.0843505859     0.53740876913071          1
     2       266.4069131745       -29.0289288488      3.645281987E-05      4.441315053E-05               (     4137.80,     3933.0)     0.23323807579345     0.32496153618558         51        18.8362255096         5.0002937317         6.1637754440     0.05418924614787        18.8362255096         5.0002937317         6.1637754440     0.05418924614787                  1.0                    0         5.1898918152         2.3765928745          0 ellipse      [        4.9281973839         3.4224071503]       101.8146896362     0.57601505517960          2
     3       266.4226526294       -29.0270290176      4.105966968E-05      3.589657509E-05              (     4037.10,     3946.90)     0.26267851073135     0.26267851073135         33         7.9662480354         3.1624264717         2.0337519646     0.03067843243480         7.9662480354         3.1624264717         2.0337519646     0.03067843243480                  1.0                    0         2.9853374958         2.3730461597          0 ellipse            [        3.0         1.8493242264]                 45.0     0.33085653185844          3
     4       266.4084841446       -29.0261028437       5.15380878E-05      3.455237406E-05     (     4127.750,     3953.6785714286)     0.32975330915360     0.25280856791551         57        19.8079948425         5.2918810844         8.1920051575     0.06329441815615        19.8079948425         5.2918810844         8.1920051575     0.06329441815615                  1.0                    0         4.9640130997         2.3316314220          0 ellipse      [        5.4264879227         3.7497842312]       158.6187286377     0.64488369226456          4
     5       266.4245029867       -29.0104297358      4.644933779E-05      4.037218045E-05     (     4025.250,     4068.3571428571)     0.29720208887647     0.29543415697572         48        15.5838041306         5.2920622826        12.4161958694     0.07695428282022        15.5838041306         5.2920622826        12.4161958694     0.07695428282022                  1.0                    0         3.3669049740         2.2810211182          0 ellipse      [        4.8558578491         4.5469188690]       137.6074676514     0.68665885925293          5
     6       266.4105468709       -29.0091548266      5.458893764E-05      4.874956374E-05 (     4114.5555555556,     4077.6888888889)     0.34932818140896     0.35669570282971         68        22.7840251923         6.7089605331        22.2159748077     0.10076659172773        22.7840251923         6.7089605331        22.2159748077     0.10076659172773                  1.0                    0         3.9335136414         2.2232062817          0 ellipse      [        8.5524549484         5.2731986046]       133.6683654785         1.0068886280          6
     7       266.4173912864       -29.0081642356      1.552737206E-05       1.45132038E-05 (     4070.7572815534,     4084.9368932039)     0.09935839496620     0.10619755095195        105       304.4284362793        20.2990722656       107.5715637207     0.22878828644753       304.4284362793        20.2990722656       107.5715637207     0.22878828644753                  1.0                    0        26.6860733032         2.2459554672          0 ellipse      [        7.4343280792         4.8119645119]       130.3291778564     0.88768666982651          7
     8       266.4156876675       -29.0079115470      2.127838263E-05      2.012611776E-05 (     4081.6589595376,     4086.7861271676)     0.13616104934272     0.14726693692091        106       168.3410034180        16.5847034454       106.6589889526     0.22884763777256       168.3410034180        16.5847034454       106.6589889526     0.22884763777256                  1.0                    0        14.8137550354         2.2414872646          0 ellipse      [        6.1286549568         5.0073566437]        56.5549049377     0.82381427288055          8
     9       266.4170287658       -29.0073601512      1.994252221E-05      1.845723505E-05 (     4073.0769230769,     4090.8205128205)     0.12761204039180     0.13505688222267        105       194.1754913330        17.4944210052       111.8245162964     0.23397761583328       194.1754913330        17.4944210052       111.8245162964     0.23397761583328                  1.0                    0        16.7246837616         2.2455999851          0 ellipse      [        2.5334787369         2.3874313831]        98.6207275391     0.36506518721581          9
    10       266.4240003182       -29.0074912458       1.39978153E-05       1.15504178E-05 (     4028.4646464646,     4089.8585858586)     0.08956712245072     0.08452330787759         60        89.6870651245        10.7243652344        25.3129367828     0.10957547277212        89.6870651245        10.7243652344        25.3129367828     0.10957547277212                  1.0                    0        14.6903057098         2.2811284065          0 ellipse      [        2.6740469933         2.5224566460]         3.3471145630     0.37951189279556         10
    11       266.4086577988       -29.0061018951      9.255080101E-06      8.811169646E-06 (     4126.6447876448,     4100.0270270270)     0.05922841126176     0.06446960964422        150       260.3361816406        17.1468887329        33.6638069153     0.12561999261379       260.3361816406        17.1468887329        33.6638069153     0.12561999261379                  1.0                    0        37.9149055481         2.2314019203          0 ellipse      [        3.1285440922         2.8421430588]       103.9500350952     0.44544598460197         11
    12       266.4158959041       -29.0057911442      1.555104467E-05      1.930910961E-05 (     4080.3260869565,     4102.3012422360)     0.09951276257470     0.14128829009496        171       314.3482666016        21.6581344604       154.6517333984     0.27349564433098       314.3482666016        21.6581344604       154.6517333984     0.27349564433098                  1.0                    0        23.3438091278         2.2474288940          0 ellipse      [        7.6102662086         5.3509922028]        87.2960586548     0.94647651910782         12
    13       266.4200257276       -29.0041396095      2.987570593E-05      2.650871782E-05 (     4053.8974358974,     4114.3846153846)     0.19117571731613     0.19397697598652         65        31.3295059204         8.5451574326        41.6704940796     0.14038962125778        31.3295059204         8.5451574326        41.6704940796     0.14038962125778                  1.0                    0         4.1699829102         2.2701098919          0 ellipse      [        3.9874451160         3.1836748123]       133.1164398193     0.52317088842392         13
    14       266.4170317720       -29.0014185321      3.668157279E-05      2.573698236E-05 (     4073.0563380282,     4134.2957746479)     0.23474046154479     0.18832662518435         68        43.2800407410         8.4269247055        27.7199592590     0.11425356566906        43.2800407410         8.4269247055        27.7199592590     0.11425356566906                  1.0                    0         6.8311109543         2.2714598179          0 ellipse      [        6.3992128372         4.1139159203]        29.2581710815     0.75294744968414         14
    15       266.4234437176       -28.9978216219      5.458739531E-05      4.613305969E-05 (     4032.0204081633,     4160.6122448980)     0.34931931896790     0.33758868399127         82        31.4234218597         7.0006046295        17.5765781403     0.09201828390360        31.4234218597         7.0006046295        17.5765781403     0.09201828390360                  1.0                    0         5.9503288269         2.3231992722          0 ellipse      [        9.3497047424         4.0810112953]        43.5607643127     0.88628852367401         15
    16       266.4097746005       -28.9973980041      5.174972836E-05      5.244120945E-05      (     4119.50,     4163.7142857143)     0.33120066055380     0.38370603422391         34         9.6166038513         3.7419283390         4.3833961487     0.04502378031611         9.6166038513         3.7419283390         4.3833961487     0.04502378031611                  1.0                    0         2.9447298050         2.2887482643          0 ellipse      [        4.9871339798         2.7387850285]       127.1001205444     0.53825145959854         16
    17       266.4140715741       -28.9938967804      4.871952984E-05       4.64946972E-05       (     4092.0,     4189.3333333333)     0.31180478223132     0.34020690872057         34         8.0987911224         3.4643609524         3.9012088776     0.04239178821445         8.0987911224         3.4643609524         3.9012088776     0.04239178821445                  1.0                    0         2.5656154156         2.3290672302          0 ellipse      [        3.5355339050         3.2403702736]                 90.0     0.48441943526268         17
    18       266.4235158410       -28.9926056606      4.629918652E-05      3.804376055E-05 (     4031.5555555556,     4198.7777777778)     0.29629629629608     0.27839437737748         45        12.4215202332         4.2429485321         5.5784797668     0.05111965164542        12.4215202332         4.2429485321         5.5784797668     0.05111965164542                  1.0                    0         3.5332102776         2.3615913391          0 ellipse      [        3.7826573849         3.5311868191]       167.4915466309     0.51586121320724         18
    19       266.4146968137       -29.0128000906      3.677099528E-05      3.030635762E-05       (     4088.0,     4051.0163934426)     0.23529016548218     0.22175644796471        115        50.8349113464        10.4416418076        58.1650886536     0.16699065268040        50.8349113464        10.4416418076        58.1650886536     0.16699065268040                  1.0                    0         5.8595161438         2.2325241566          0 ellipse      [        5.8422107697         4.8228201866]        35.8994216919     0.79254096746445         19
    20       266.4226871791       -29.0004895920      4.635678147E-05      3.819917475E-05 (     4036.8636363636,     4141.0909090909)     0.29664414043691     0.27952949628616         62         16.734878540         5.9168004990         18.265121460     0.09233589470387         16.734878540         5.9168004990         18.265121460     0.09233589470387                  1.0                    0         3.1218101978         2.3021817207          0 ellipse      [        4.2343621254         3.8684368134]       155.5929565430     0.58600443601608         20
    21       266.4161858721       -28.9838471983      5.867532298E-05      6.801756115E-05 (     4078.4666666667,     4262.8666666667)     0.37554898087592     0.49769840637055         55        10.0650320053         3.8732905388         4.9349684715     0.04877935722470        10.0650320053         3.8732905388         4.9349684715     0.04877935722470                  1.0                    0         2.9740214348         2.4819784164          0 ellipse      [        6.5867347717         3.0157792568]        57.4155769348     0.59857094287872         21
    22       266.4203708819       -29.0303023213      8.129629032E-05      4.580972085E-05             (     4051.70,     3922.950)     0.52009614495819     0.33522380583736         67        13.6146793365         4.4724802971         6.3853206635     0.05550348386168        13.6146793365         4.4724802971         6.3853206635     0.05550348386168                  1.0                    0         3.7085070610         2.4043207169          0 ellipse      [        7.0343790054         4.4085159302]         9.3463649750     0.77205002307892         22
    23       266.4071787658       -28.9849302361      8.104040819E-05      6.378322577E-05 (     4136.1176470588,     4254.9411764706)     0.51873117052583     0.46667926669215         67        13.7093458176         4.1233010292         3.2906541824     0.04015881940722        13.7093458176         4.1233010292         3.2906541824     0.04015881940722                  1.0                    0         4.5543913841         2.4655241966          0 ellipse      [        7.6028647423         4.0850696564]        39.4982299805     0.75345593690872         23
    24       266.4231591012       -28.9837033731      5.472848244E-05      5.684549533E-05 (     4033.8333333333,     4263.9166666667)     0.35026445035874     0.41597164255199         48         8.1918611526         3.4643597603         3.8081386089     0.04230045527220         8.1918611526         3.4643597603         3.8081386089     0.04230045527220                  1.0                    0         2.6130509377         2.5095744133          0 ellipse      [        4.5276927948         3.3819372654]        63.4349479675     0.51975649595261         24
    25       266.4241805343       -28.9816660244      0.0001062012283      5.596121644E-05 (     4027.2941176471,     4278.8235294118)     0.67973486527808     0.40953424568852         72        12.1502065659         4.1233963966         4.8497929573     0.04896087571979        12.1502065659         4.1233963966         4.8497929573     0.04896087571979                  1.0                    0         3.6092708111         2.5763218403          0 ellipse      [        9.2669868469         3.2366490364]       153.3355560303     0.70859110355377         25
