 
--------------------------------------------------------------------------------
Data for Table Block SRCLIST
--------------------------------------------------------------------------------
 
ROW    RA                   DEC                  RA_ERR               DEC_ERR              POS(X,Y)                                 X_ERR                Y_ERR                NPIXSOU    NET_COUNTS           NET_COUNTS_ERR       BKG_COUNTS           BKG_COUNTS_ERR       NET_RATE             NET_RATE_ERR         BKG_RATE             BKG_RATE_ERR         EXPTIME              EXPTIME_ERR          SRC_SIGNIFICANCE     PSF_SIZE             MULTI_CORREL_MAX SHAPE        R[2]                                     ROTANG               PSFRATIO             COMPONENT
 
     1       266.4086615553       -29.0396901887      4.967655724E-05      5.398054097E-05              (     4123.30,     3855.20)     0.31780497164164     0.39496835316277         42         8.2946233749         3.1625311375         1.7053768635     0.04003905132413         8.2946233749         3.1625311375         1.7053768635     0.04003905132413                  1.0                    0         3.2312967777         2.6428096294          0 ellipse      [        3.7504725456         3.0106403828]        85.8620529175     0.42382377386093          1
     2       266.4216737397       -29.0362696897      4.853902749E-05      2.976650718E-05 (     4040.0566037736,     3880.2264150943)     0.31050790893187     0.21782691505587        102        45.9315109253         7.2803416252         7.0684876442     0.05809927359223        45.9315109253         7.2803416252         7.0684876442     0.05809927359223                  1.0                    0        12.0994806290         2.5675773621          0 ellipse      [        7.4708681107         3.5789842606]        28.5515956879     0.67130613327026          2
     3       266.4200669284       -29.0302236188      5.955890288E-05      3.003126362E-05 (     4050.3333333333,     3924.4666666667)     0.38103173776608     0.21976418337908         71        22.8151245117         5.4775323868         7.1848754883     0.05798785760999        22.8151245117         5.4775323868         7.1848754883     0.05798785760999                  1.0                    0         5.9774103165         2.4041209221          0 ellipse      [        6.2611122131         3.6108822823]        179.561996460     0.65925717353821          3
     4       266.4068679883       -29.0289663459      4.093169707E-05      4.295200278E-05 (     4134.7777777778,     3933.6666666667)     0.26189140043971     0.31426968052756         38         6.9387731552         3.0001604557         2.0612268448     0.03101930953562         6.9387731552         3.0001604557         2.0612268448     0.03101930953562                  1.0                    0         2.5923142433         2.3700489998          0 ellipse      [        3.2137393951         1.7965061665]        55.0681533813     0.33794116973877          4
     5       266.4226456573       -29.0271780679      3.607058318E-05      6.467383605E-05     (     4033.8333333333,     3946.750)     0.23073955174777     0.47324236214990         37         8.5728292465         3.4643394947         3.4271705151     0.04059432074428         8.5728292465         3.4643394947         3.4271705151     0.04059432074428                  1.0                    0         2.8164772987         2.3737730980          0 ellipse      [        4.9551939964         2.3202488422]        82.0529632568     0.47614270448685          5
     6       266.4081766001       -29.0262344882      6.832881996E-05      5.456530134E-05      (     4126.406250,     3953.656250)     0.43718599222393     0.39924091792682        105        23.6525325775         5.6572151184         8.3474683762     0.06387744843960        23.6525325775         5.6572151184         8.3474683762     0.06387744843960                  1.0                    0         5.8892798424         2.3281879425          0 ellipse      [        8.5457820892         5.2840113640]       140.8454437256     0.96209615468979          6
     7       266.4149086459       -29.0178144638      4.440916626E-05       4.22130515E-05 (     4083.3333333333,     4015.2666666667)     0.28414915227859     0.30888089518021         50        18.4247245789         5.4777255058        11.5752754211     0.07401286065578        18.4247245789         5.4777255058        11.5752754211     0.07401286065578                  1.0                    0         4.0846371651         2.2509706020          0 ellipse      [        5.4775338173         4.1900625229]       125.7242965698     0.70943349599838          7
     8       266.4187288144       -29.0153604257       3.95426722E-05      2.980093418E-05 (     4058.8888888889,     4033.2222222222)     0.25301113002388     0.21806816953904         61        18.3863544464         6.1651701927        19.6136455536     0.09656010568142        18.3863544464         6.1651701927        19.6136455536     0.09656010568142                  1.0                    0         3.3353266716         2.2568995953          0 ellipse      [        4.1204886436         3.1831877232]       152.8769378662     0.53489923477173          8
     9       266.4243565809       -29.0104917882      4.968757349E-05      4.145119414E-05        (     4022.8750,     4068.843750)     0.31792171795905     0.30333232278645         54        17.5515880585         5.6574554443        14.4484128952     0.08248712122440        17.5515880585         5.6574554443        14.4484128952     0.08248712122440                  1.0                    0         3.5830430984         2.2811689377          0 ellipse      [        5.9908843040         4.4404625893]        40.3558616638     0.75366932153702          9
    10       266.4172961622       -29.0082638689      1.227484995E-05      1.034274116E-05 (     4068.0540540541,     4085.1486486486)     0.07854570185373     0.07568154521732         70       104.6392364502        12.9626617432        63.3607635498     0.17491967976093       104.6392364502        12.9626617432        63.3607635498     0.17491967976093                  1.0                    0        11.6176490784         2.2459809780          0 ellipse      [        2.1582131386         1.8070971966]       141.0993347168     0.29309648275375         10
    11       266.4156391255       -29.0081820364      1.935465428E-05      1.683359654E-05 (     4078.6576576577,     4085.7477477477)     0.12385044528355     0.12317557047572         76       121.9095382690        13.8576364517        70.0904617310     0.18464824557304       121.9095382690        13.8576364517        70.0904617310     0.18464824557304                  1.0                    0        12.9461297989         2.2417814732          0 ellipse      [        4.2272729874         3.5511698723]        44.0926170349     0.57610458135605         11
    12       266.4169616046       -29.0077464026      1.377673925E-05      1.186288757E-05 (     4070.1948051948,     4088.9350649351)     0.08815677979555     0.08680467862177        141       245.5699615479        19.5465183258       136.4300384521     0.25760945677757       245.5699615479        19.5465183258       136.4300384521     0.25760945677757                  1.0                    0        19.3173751831         2.2457849979          0 ellipse      [        2.4521112442         2.1435186863]       138.3190917969     0.34028616547585         12
    13       266.4154891278       -29.0067640258      2.275706595E-05      2.085359402E-05 (     4079.6172839506,     4096.1234567901)     0.14562449412460     0.15259051104204        143       201.0274047852        18.2500629425       131.9725952148     0.25448870658875       201.0274047852        18.2500629425       131.9725952148     0.25448870658875                  1.0                    0        16.0558242798         2.2458920479          0 ellipse      [        4.7205276489         3.1859207153]       131.4149932861     0.57557588815689         13
    14       266.4085459657       -29.0061658554      2.294120134E-05      2.565978212E-05      (     4124.0483870968,     4100.50)     0.14681392470902     0.18774914075493         56        50.1258201599         7.8743581772        11.8741807938     0.07427518814802        50.1258201599         7.8743581772        11.8741807938     0.07427518814802                  1.0                    0        11.0092782974         2.2341778278          0 ellipse      [        4.4621286392         3.4330859184]        99.9224319458     0.58394825458527         14
    15       266.4157811682       -29.0056837361      1.637269781E-05       1.51392675E-05 (     4077.7482517483,     4104.0279720280)     0.10477114621290     0.11077771916462         82       216.8878326416        16.9125232697        69.1121749878     0.18287432193756       216.8878326416        16.9125232697        69.1121749878     0.18287432193756                  1.0                    0        23.1758384705         2.2486124039          0 ellipse      [        6.0459041595         4.8258872032]       127.7241134644     0.80072492361069         15
    16       266.4169948263       -29.0016360218      2.607522936E-05      2.321850066E-05 (     4069.9806451613,     4133.6451612903)     0.16686394733188     0.16989730275782        105       108.3157196045        12.4507799149        46.6842803955     0.14805464446545       108.3157196045        12.4507799149        46.6842803955     0.14805464446545                  1.0                    0        13.7330064774         2.2734415531          0 ellipse      [        6.8653120995         5.6547403336]        47.6974754333     0.91354811191559         16
    17       266.4232466083       -28.9980255747      5.251193096E-05      4.571665359E-05 (     4029.9696969697,     4160.0606060606)     0.33603546230734     0.33454159511257         59        20.1620960236         5.7451014519        12.8379039764     0.07868141680956        20.1620960236         5.7451014519        12.8379039764     0.07868141680956                  1.0                    0         4.3024611473         2.3235397339          0 ellipse      [        6.6364417076         4.7680706978]        44.5999794006     0.80698901414871         17
    18       266.4233975761       -28.9926106643       7.64974393E-05      4.921221365E-05       (     4029.0,     4199.6818181818)     0.48956043701219     0.36013291644304         64        15.2677230835         4.6907482147         6.7322769165     0.05584139376879        15.2677230835         4.6907482147         6.7322769165     0.05584139376879                  1.0                    0         4.0873332024         2.3625776768          0 ellipse      [        7.1384139061         4.7092828751]       159.5829010010     0.81803315877914         18
    19       266.4188525396       -28.9877781828      6.855100412E-05      5.540667322E-05 (     4058.0869565217,     4235.0434782609)     0.43873440376228     0.40543687314766         58        15.4488105774         4.7962050438         7.5511894226     0.05986609309912        15.4488105774         4.7962050438         7.5511894226     0.05986609309912                  1.0                    0         3.9804432392         2.4152116776          0 ellipse      [        6.8089566231         5.2449564934]        36.0114440918     0.82477360963821         19
    20       266.4159216032       -28.9877421719      4.447372186E-05      5.831362647E-05 (     4076.8461538462,     4235.3076923077)     0.28463937209017     0.42669245863453         36         8.9653434753         3.6058194637         4.0346565247     0.04396871104836         8.9653434753         3.6058194637         4.0346565247     0.04396871104836                  1.0                    0         2.8127574921         2.4136054516          0 ellipse      [        4.6267304420         3.0617692471]        84.6434402466     0.51979941129684         20
    21       266.4160685618       -28.9837492997      5.753756358E-05      4.566473583E-05 (     4075.9047619048,     4264.5238095238)     0.36826960636108     0.33414219968472         52        16.1267433167         4.5828318596         4.8732566833     0.04847472533584        16.1267433167         4.5828318596         4.8732566833     0.04847472533584                  1.0                    0         4.7834806442         2.4858438969          0 ellipse      [        5.7484250069         3.7000410557]       141.7690124512     0.61841869354248         21
    22       266.4145308121       -29.0089402469      2.833477106E-05      2.413979695E-05             (     4085.750,     4080.20)     0.18131464364478     0.17663521732675        111        84.7507171631        12.9630231857        83.2492828369     0.19990141689777        84.7507171631        12.9630231857        83.2492828369     0.19990141689777                  1.0                    0         8.3374099731         2.2361106873          0 ellipse      [        5.4909715652         5.2456393242]        27.5440845490     0.80003547668457         22
    23       266.4226613079       -29.0076072891       3.60745986E-05      3.159092205E-05 (     4033.7213114754,     4089.9508196721)     0.23082892532329     0.23117222227029         94        51.3366165161        10.0510625839        49.6633834839     0.15443375706673        51.3366165161        10.0510625839        49.6633834839     0.15443375706673                  1.0                    0         6.3376669884         2.2741265297          0 ellipse      [        5.8722786903         4.9098925591]        45.2403945923     0.78705203533173         23
    24       266.4201118080       -29.0068962448      3.095841657E-05      3.039239301E-05 (     4050.0357142857,     4095.1547619048)     0.19809640322137     0.22239551268922         91        50.2487144470        10.8181371689        66.7512893677     0.17911487817764        50.2487144470        10.8181371689        66.7512893677     0.17911487817764                  1.0                    0         5.4523835182         2.2629227638          0 ellipse      [        6.1955494881         5.3547959328]       108.6516876221     0.84843856096268         24
    25       266.4078382779       -28.9860074986      3.423984299E-05       3.22139121E-05       (     4128.5833333333,     4248.0)     0.21916296997369     0.23570226039556         68        19.5774536133         5.0993208885         6.4225473404     0.05545074120164        19.5774536133         5.0993208885         6.4225473404     0.05545074120164                  1.0                    0         5.3226194382         2.4556388855          0 ellipse      [        2.4494898319         2.2776083946]                 90.0     0.32062071561813         25
    26       266.4186055572       -28.9847501359      6.191588898E-05      5.645686026E-05      (     4059.6666666667,     4257.20)     0.39627898889194     0.41311822359603         44        10.1090955734         3.8732945919         4.8909044266     0.04909541085362        10.1090955734         3.8732945919         4.8909044266     0.04909541085362                  1.0                    0         2.9952354431         2.4722163677          0 ellipse      [        6.2406067848         2.3010494709]       133.4327545166     0.51093852519989         26
    27       266.4138862250       -29.0123842534      4.313171797E-05      4.184512567E-05             (     4089.8750,     4055.0)     0.27599252707296     0.30618621784788         36        15.0961713791         5.7453098297        17.9038295746     0.09265945106745        15.0961713791         5.7453098297        17.9038295746     0.09265945106745                  1.0                    0         2.8381555080         2.2286868095          0 ellipse      [        2.9076595306         1.9441943169]        52.8543205261     0.35560783743858         27
