 
--------------------------------------------------------------------------------
Data for Table Block SRCLIST
--------------------------------------------------------------------------------
 
ROW    RA                   DEC                  RA_ERR               DEC_ERR              POS(X,Y)                                 X_ERR                Y_ERR                NPIXSOU    NET_COUNTS           NET_COUNTS_ERR       BKG_COUNTS           BKG_COUNTS_ERR       NET_RATE             NET_RATE_ERR         BKG_RATE             BKG_RATE_ERR         EXPTIME              EXPTIME_ERR          SRC_SIGNIFICANCE     PSF_SIZE             MULTI_CORREL_MAX SHAPE        R[2]                                     ROTANG               PSFRATIO             COMPONENT
 
     1       266.4216706405       -29.0362571672      5.596844056E-05       3.63118805E-05           (     4038.350,     3876.9750)     0.35803281972494     0.26572424616506        102        32.6927413940         6.3248453140         7.3072586060     0.06054132431746        32.6927413940         6.3248453140         7.3072586060     0.06054132431746                  1.0                    0         8.5169925690         2.5805377960          0 ellipse      [        6.8036355972         5.0276651382]       175.2852325439     0.75547868013382          1
     2       266.4201535561       -29.0303268280      5.637051663E-05      5.207574924E-05 (     4048.0526315789,     3920.3684210526)     0.36062184067168     0.38106518091990         55        13.6202898026         4.3591928482         5.3797106743     0.05060680210590        13.6202898026         4.3591928482         5.3797106743     0.05060680210590                  1.0                    0         3.9185771942         2.4102287292          0 ellipse      [        5.1786112785         4.5001373291]       123.3721389771     0.66763645410538          2
     3       266.4148931270       -29.0176914903      2.161809118E-05      2.044926595E-05 (     4081.7058823529,     4012.8235294118)     0.13832177225822     0.14963147619665         47        23.2617149353         5.9165472984        11.7382850647     0.07435933500528        23.2617149353         5.9165472984        11.7382850647     0.07435933500528                  1.0                    0         5.1306457520         2.2542476654          0 ellipse      [        1.9540922642         1.5920001268]        56.4168281555     0.26080816984177          3
     4       266.4243754954       -29.0103755264      5.015281164E-05      4.282216185E-05 (     4021.0270270270,     4066.3513513514)     0.32089740511765     0.31336486740884         60        20.9610176086         6.0833945274        16.0389823914     0.08768560737371        20.9610176086         6.0833945274        16.0389823914     0.08768560737371                  1.0                    0         4.1120710373         2.2834081650          0 ellipse      [        6.6621937752         4.7545428276]        42.9054374695     0.82159578800201          4
     5       266.4155459690       -29.0081535966      2.185656678E-05       1.62353474E-05 (     4077.5268817204,     4082.6129032258)     0.13986052369592     0.11879872192594         93       139.4071960449        15.0347023010        86.5928115845     0.20559240877628       139.4071960449        15.0347023010        86.5928115845     0.20559240877628                  1.0                    0        13.4748430252         2.2414922714          0 ellipse      [        4.3010826111         3.1122198105]        29.4218292236     0.54408347606659          5
     6       266.4170143470       -29.0078844294      1.677530707E-05      1.407753988E-05 (     4068.1304347826,     4084.5821256039)     0.10734416163132     0.10301040985905        189       385.6099243164        23.8765563965       184.3900756836     0.29986602067947       385.6099243164        23.8765563965       184.3900756836     0.29986602067947                  1.0                    0        26.3996696472         2.2450711727          0 ellipse      [        6.9712619781         5.8200058937]        38.3320159912     0.94572758674622          6
     7       266.4156873512       -29.0065571608      1.911996259E-05      1.825630532E-05 (     4076.6218487395,     4094.2941176471)     0.12234993799893     0.13358592876421        124        163.469253540        16.7349071503        116.530746460     0.23892605304718        163.469253540        16.7349071503        116.530746460     0.23892605304718                  1.0                    0        13.8186359406         2.2456147671          0 ellipse      [        4.3841056824         3.9905099869]       100.4370574951     0.62086647748947          7
     8       266.4085102533       -29.0061417757      2.979081796E-05      3.861130584E-05     (     4122.550,     4097.3333333333)     0.19064947474908     0.28251515855754         71        45.6695098877         7.7463917732        14.3304891586     0.08113458007574        45.6695098877         7.7463917732        14.3304891586     0.08113458007574                  1.0                    0          9.352066040         2.2325503826          0 ellipse      [        7.1756467819         3.3522524834]        62.8356475830     0.73227864503860          8
     9       266.4158389387       -29.0056164394      1.833147536E-05      2.017941213E-05 (     4075.6516129032,     4101.1774193548)     0.11730472043155     0.14765746054763        116       217.9461517334        17.6080684662        92.0538482666     0.20986433327198       217.9461517334        17.6080684662        92.0538482666     0.20986433327198                  1.0                    0        20.4962291718         2.2477898598          0 ellipse      [        7.8161749840         6.1748294830]        83.8567199707         1.0302263498          9
    10       266.4170019550       -29.0015526803      1.939087133E-05      1.769759355E-05          (     4068.2080,     4130.9120)     0.12408822667749     0.12949922007465         93       107.1631240845        12.0423336029        37.8368721008     0.13344757258892       107.1631240845        12.0423336029        37.8368721008     0.13344757258892                  1.0                    0        14.8593463898         2.2723779678          0 ellipse      [        4.3463339806         4.1591234207]        97.0985488892     0.62367832660675         10
    11       266.4231766247       -28.9979674535      7.029563994E-05      3.697293855E-05 (     4028.6904761905,     4157.1428571429)     0.44985270358029     0.27057390205937         77        25.3818111420         6.4813585281        16.6181888580     0.08949923515320        25.3818111420         6.4813585281        16.6181888580     0.08949923515320                  1.0                    0         4.9118013382         2.3209204674          0 ellipse      [        8.7516555786         5.2513713837]       177.4559783936     0.97364342212677         11
    12       266.4160135752       -28.9837498992      4.524407598E-05      3.637182948E-05 (     4074.5294117647,     4261.1764705882)     0.28958444225464     0.26614373042230         64        17.0631446838         4.7961277962         5.9368548393     0.05332133173943        17.0631446838         4.7961277962         5.9368548393     0.05332133173943                  1.0                    0         4.7584056854         2.4760155678          0 ellipse      [        3.7912085056         3.0486979485]        33.4468383789     0.45768997073174         12
    13       266.4095874765       -29.0135814973      4.652840357E-05       4.77570392E-05 (     4115.6551724138,     4042.8965517241)     0.29773565619871     0.34943415304679         56        18.3872928619         5.3856263161        10.6127071381     0.07049421221018        18.3872928619         5.3856263161        10.6127071381     0.07049421221018                  1.0                    0         4.2067894936         2.2256345749          0 ellipse      [        5.9679398537         4.4033670425]       118.7209320068     0.76776719093323         13
    14       266.4093300170       -29.0265370193       7.34749209E-05      6.248102191E-05              (     4117.30,     3948.10)     0.47010637094172     0.45716517802657         31         6.5772557259         3.1625380516         3.4227442741     0.04058176279068         6.5772557259         3.1625380516         3.4227442741     0.04058176279068                  1.0                    0         2.1616301537         2.3411152363          0 ellipse      [        5.1284508705         3.5212204456]        42.7721977234     0.60505610704422         14
    15       266.4150708209       -29.0130517636      4.030927863E-05      3.618550484E-05 (     4080.5681818182,     4046.7727272727)     0.25792746608477     0.26477738264248         45        20.8344078064         6.6340947151        23.1655921936     0.10589266568422        20.8344078064         6.6340947151        23.1655921936     0.10589266568422                  1.0                    0         3.5370366573         2.2324829102          0 ellipse      [        5.9610896111         4.3095631599]       132.6025238037     0.75678068399429         15
    16       266.4207851784       -29.0073915185      3.088766675E-05      2.759379267E-05            (     4044.0,     4088.18750)     0.19764235376033     0.20191949973923         47        26.6994533539         7.8113107681        34.3005485535     0.12874855101109        26.6994533539         7.8113107681        34.3005485535     0.12874855101109                  1.0                    0          3.858107090         2.2666492462          0 ellipse      [        2.9263010025         1.7125585079]        46.2525482178     0.32921272516251         16
    17       266.4235254541       -28.9928060406      7.891862407E-05      6.143341683E-05 (     4026.4545454545,     4194.9090909091)     0.50504591366143     0.44955943037894         75        13.2070693970         4.6908636093         8.7929306030     0.06482268124819        13.2070693970         4.6908636093         8.7929306030     0.06482268124819                  1.0                    0         3.2297730446         2.3595235348          0 ellipse      [        8.2944650650         4.6607408524]       141.4362335205     0.87836718559265         17
    18       266.4076533228       -28.9856107704      8.123045865E-05      6.140510721E-05            (     4128.040,     4247.560)     0.51993845789639     0.44928387462642         83        17.1985015869         5.0003790855         7.8014988899     0.06156624481082        17.1985015869         5.0003790855         7.8014988899     0.06156624481082                  1.0                    0         4.3825712204         2.4417495728          0 ellipse      [        8.7294683456         5.4808378220]        35.2512321472     0.94426739215851         18
