 
--------------------------------------------------------------------------------
Data for Table Block SRCLIST
--------------------------------------------------------------------------------
 
ROW    RA                   DEC                  RA_ERR               DEC_ERR              POS(X,Y)                                 X_ERR                Y_ERR                NPIXSOU    NET_COUNTS           NET_COUNTS_ERR       BKG_COUNTS           BKG_COUNTS_ERR       NET_RATE             NET_RATE_ERR         BKG_RATE             BKG_RATE_ERR         EXPTIME              EXPTIME_ERR          SRC_SIGNIFICANCE     PSF_SIZE             MULTI_CORREL_MAX SHAPE        R[2]                                     ROTANG               PSFRATIO             COMPONENT
 
     1       266.4218492105       -29.0362962273      3.679131152E-05      3.065024919E-05 (     4075.8260869565,     3856.1304347826)     0.23536300172782     0.22427659659706         57        21.4549789429         4.7959799767         1.5450204611     0.03770622983575        21.4549789429         4.7959799767         1.5450204611     0.03770622983575                  1.0                    0         8.5310363770         2.6348006725          0 ellipse      [        3.7813687325         2.7532284260]       139.5164794922     0.40820342302322          1
     2       266.4082150864       -29.0263598049      3.778810463E-05      5.807507299E-05 (     4163.0555555556,     3928.8333333333)     0.24180675661501     0.42491829279925         62        15.4017200470         4.2427897453         2.5982801914     0.03559254482388        15.4017200470         4.2427897453         2.5982801914     0.03559254482388                  1.0                    0         5.4426293373         2.3901464939          0 ellipse      [        5.7459797859         2.3887107372]       111.7994003296     0.51667571067810          2
     3       266.3984812325       -29.0260853711      4.755242259E-05       3.83478047E-05 (     4225.3333333333,     3930.8333333333)     0.30429030972573     0.28054180384333         32         5.0664615631         2.4495823383     0.93353861570358     0.02130546048284         5.0664615631         2.4495823383     0.93353861570358     0.02130546048284                  1.0                    0         2.2051942348         2.5020661354          0 ellipse      [        2.5806689262         1.6093934774]        39.6901741028     0.27150464057922          3
     4       266.4065047945       -29.0237526425      4.492580831E-05      4.797687783E-05       (     4174.0,     3947.9090909091)     0.28747978728825     0.35102083605943         45         9.6505079269         3.3167197704         1.3494919538     0.02510475739837         9.6505079269         3.3167197704         1.3494919538     0.02510475739837                  1.0                    0         3.9406518936          2.363887310          0 ellipse      [        4.2216897011         1.5992195606]       127.3724441528     0.36639469861984          4
     5       266.3982161250       -29.0233427371      1.741966406E-05       1.42589505E-05 (     4227.0329670330,     3950.9010989011)     0.11147272403832     0.10431453770298         71        88.4143295288         9.5394573212         2.5856723785     0.03519400581717        88.4143295288         9.5394573212         2.5856723785     0.03519400581717                  1.0                    0        31.2818012238         2.4390928745          0 ellipse      [        3.6103312969         2.4605906010]       140.2210540771     0.40732738375664          5
     6       266.3924690138       -29.0219527465      3.299128076E-05      2.784382715E-05 (     4263.8064516129,     3961.0645161290)     0.21113318381595     0.20368858660777         69        29.2005348206         5.5678429604         1.7994645834     0.02959375269711        29.2005348206         5.5678429604         1.7994645834     0.02959375269711                  1.0                    0        11.2452297211         2.5379116535          0 ellipse      [        3.6538746357         3.2652237415]        35.6563224792     0.45366528630257          6
     7       266.4018022441       -29.0120273824      6.031647041E-05      4.344086561E-05              (     4204.10,     4033.70)     0.38600518131170     0.31780497164164         44         7.4291286469         3.1624741554         2.5708713531     0.03525067865849         7.4291286469         3.1624741554         2.5708713531     0.03525067865849                  1.0                    0         2.6322717667         2.2867238522          0 ellipse      [        3.9600486755         2.6111326218]        30.4161930084     0.46873757243156          7
     8       266.4039599204       -29.0110380063       8.69726631E-05       5.73878273E-05 (     4190.2941176471,     4040.9411764706)     0.55658813509399     0.41984169232092         68        12.3523283005         4.1233692169         4.6476712227     0.04661070555449        12.3523283005         4.1233692169         4.6476712227     0.04661070555449                  1.0                    0         3.7168989182         2.2716627121          0 ellipse      [        7.4373292923         4.3649640083]        27.8547134399     0.83605289459229          8
     9       266.4243364978       -29.0105100063      4.925838198E-05       5.71930571E-05 (     4059.9047619048,     4044.8095238095)     0.31518458691880     0.41850098339455         57        12.9127874374         4.5830006599         8.0872125626     0.06240915134549        12.9127874374         4.5830006599         8.0872125626     0.06240915134549                  1.0                    0         3.2503440380         2.2489135265          0 ellipse      [        6.5648593903         2.9631352425]       122.6624069214     0.65372401475906          9
    10       266.3986927964       -29.0096626263       2.76188249E-05      3.417074141E-05                (     4224.0,     4051.0)     0.17677669529621                0.250         44        13.7555189133         4.0001287460         2.2444810867     0.03207410126925        13.7555189133         4.0001287460         2.2444810867     0.03207410126925                  1.0                    0         5.0378084183         2.3171415329          0 ellipse      [        3.2872853279         1.6412662268]       118.1549682617     0.33414456248283         10
    11       266.4168512163       -29.0077799531       2.27635756E-05      2.055532287E-05 (     4107.8034188034,     4064.7863247863)     0.14567037355209     0.15040261054764        144       121.8738937378        13.2674913406        54.1261062622     0.16226169466972       121.8738937378        13.2674913406        54.1261062622     0.16226169466972                  1.0                    0        14.4952659607         2.2227478027          0 ellipse      [        4.9992971420         4.6012382507]       123.6453323364     0.71925085783005         11
    12       266.4374859912       -29.0075133842      4.184575482E-05      3.940194266E-05 (     3975.7575757576,     4066.7272727273)     0.26773307098802     0.28834962221799         64        25.0123043060         5.7448949814         7.9876952171     0.06180054321885        25.0123043060         5.7448949814         7.9876952171     0.06180054321885                  1.0                    0         6.3226900101         2.3300862312          0 ellipse      [        5.1233720779         4.4423565865]       119.2438659668     0.68248230218887         12
    13       266.4159192890       -29.0062438676      3.720361582E-05      2.501891723E-05 (     4113.7672413793,     4076.0258620690)     0.23808021267268     0.18305977419914         98        81.8303833008        10.7711038589        34.1696128845     0.12915450334549        81.8303833008        10.7711038589        34.1696128845     0.12915450334549                  1.0                    0        11.8435440063         2.2222273350          0 ellipse      [        7.7910609245         5.7845425606]        13.6839437485         1.0069851875         13
    14       266.4086711596       -29.0062060629      1.999513893E-05      1.701633613E-05             (     4160.150,     4076.30)     0.12796483892089     0.12449899597959         49        21.2310295105         5.0992374420         4.7689700127     0.04713597893715        21.2310295105         5.0992374420         4.7689700127     0.04713597893715                  1.0                    0         6.3390421867         2.2430493832          0 ellipse      [        2.1507012844         1.0545065403]       136.2846221924     0.22379717230797         14
    15       266.4158660427       -29.0054828064      3.091047296E-05      2.635790542E-05 (     4114.1081081081,     4081.5945945946)     0.19781045366381     0.19285809079201         57        32.0794334412         6.9287509918        15.9205646515     0.08712650090456        32.0794334412         6.9287509918        15.9205646515     0.08712650090456                  1.0                    0         6.3111715317         2.2248177528          0 ellipse      [        3.6636393070         3.4631457329]        31.5995826721     0.53367400169373         15
    16       266.4208105132       -29.0039514112      2.494475615E-05      1.911122534E-05      (     4082.4666666667,     4092.80)     0.15962919996491     0.13984117975588         29        13.6182270050         4.4724740982         6.3817725182     0.05501091852784        13.6182270050         4.4724740982         6.3817725182     0.05501091852784                  1.0                    0         3.7101449966         2.2419912815          0 ellipse      [        1.9925802946         1.4524543285]        32.2683258057     0.25293213129044         16
    17       266.4192165974       -29.0006156221      4.754846162E-05      4.962920307E-05 (     4092.6666666667,     4117.2083333333)     0.30429030972527     0.36314199217577         63        18.3809051514         4.8992409706         5.6190943718     0.05061425268650        18.3809051514         4.8992409706         5.6190943718     0.05061425268650                  1.0                    0         5.2163558006         2.2520251274          0 ellipse      [        5.3398256302         4.4688515663]        93.3610382080     0.72304785251617         17
    18       266.4161334848       -28.9837794070      3.952331389E-05      4.407440259E-05              (     4112.40,     4240.40)     0.25298221281355     0.32249030993262         38         8.6652736664         3.1623809338         1.3347259760     0.02554989978671         8.6652736664         3.1623809338         1.3347259760     0.02554989978671                  1.0                    0         3.5457353592         2.4247827530          0 ellipse      [        3.2205107212         2.1790616512]        64.9027862549     0.36416906118393         18
    19       266.4310207919       -28.9834083423      4.556931026E-05      5.858956077E-05 (     4017.1111111111,     4243.1111111111)     0.29162992125930     0.42873470010272         61         8.0430946350         3.0000696182     0.95690500736237     0.02044253982604         8.0430946350         3.0000696182     0.95690500736237     0.02044253982604                  1.0                    0         3.4871644974         2.4658889771          0 ellipse      [        3.9257874489         2.5230875015]       103.9120483398     0.42543652653694         19
    20       266.4346703832       -29.0324728057      8.787967096E-05      8.522837234E-05              (     3993.80,     3884.10)     0.56213877290202     0.62369864518041         76         8.7372808456         3.1623783112         1.2627193928     0.02522275596857         8.7372808456         3.1623783112         1.2627193928     0.02522275596857                  1.0                    0         3.6123819351         2.6101198196          0 ellipse      [        6.8315801620         4.0962800980]        51.3486061096     0.67557525634766         20
    21       266.4352830832       -28.9935528015      5.497955755E-05      5.260971767E-05            (     3989.840,     4168.880)     0.35181813483678     0.38499870129635        122        27.5220947266         6.1648206711        10.4779043198     0.07079096883535        27.5220947266         6.1648206711        10.4779043198     0.07079096883535                  1.0                    0         6.3257455826         2.3657684326          0 ellipse      [        6.0685648918         4.9368534088]        58.1047744751     0.77121347188950         21
    22       266.3868517478       -29.0206278596      6.476308772E-05       0.000101081593            (     4299.750,     3970.750)     0.41457809879466     0.73950997288739         47         3.5044152737         2.0000567436     0.49558469653130     0.01505908928812         3.5044152737         2.0000567436     0.49558469653130     0.01505908928812                  1.0                    0         1.6561057568         2.6417250633          0 ellipse      [        4.8726553917         1.4602149725]        64.3299026489     0.33657541871071         22
