 
--------------------------------------------------------------------------------
Data for Table Block SRCLIST
--------------------------------------------------------------------------------
 
ROW    RA                   DEC                  RA_ERR               DEC_ERR              POS(X,Y)                                 X_ERR                Y_ERR                NPIXSOU    NET_COUNTS           NET_COUNTS_ERR       BKG_COUNTS           BKG_COUNTS_ERR       NET_RATE             NET_RATE_ERR         BKG_RATE             BKG_RATE_ERR         EXPTIME              EXPTIME_ERR          SRC_SIGNIFICANCE     PSF_SIZE             MULTI_CORREL_MAX SHAPE        R[2]                                     ROTANG               PSFRATIO             COMPONENT
 
     1       266.4218184120       -29.0363024905      6.498004223E-05      4.997714187E-05 (     4077.9090909091,     3856.7272727273)     0.41569508561861     0.36569664280751         64         9.7090072632         3.3167946339         1.2909924984     0.03356938064098         9.7090072632         3.3167946339         1.2909924984     0.03356938064098                  1.0                    0         3.9977250099         2.6303095818          0 ellipse      [        4.7509260178         2.7885141373]        37.4229660034     0.46126174926758          1
     2       266.4068274081       -29.0289344071      6.295994604E-05      4.738984069E-05 (     4173.8181818182,     3910.6363636364)     0.40284487956887     0.34671366881685         52         9.3467807770         3.3167445660         1.6532189846     0.02819038182497         9.3467807770         3.3167445660         1.6532189846     0.02819038182497                  1.0                    0         3.6650710106         2.4728193283          0 ellipse      [        4.8413662910         2.1279370785]        38.6378211975     0.43266296386719          2
     3       266.4081669103       -29.0262710739      6.021257013E-05      5.089764879E-05           (     4165.250,     3930.1250)     0.38527587518547     0.37238672774401         43         6.7614054680         2.8285307884         1.2385945320     0.02422985062003         6.7614054680         2.8285307884         1.2385945320     0.02422985062003                  1.0                    0         2.8053584099         2.3933494091          0 ellipse      [        4.0314564705         2.1021974087]       136.7032165527     0.40545284748077          3
     4       266.3982060552       -29.0233408229      1.933845886E-05      1.435736302E-05 (     4228.9836065574,     3951.5573770492)     0.12374997827737     0.10503218729355         79        60.1363487244         7.9373416901         2.8636496067     0.03731193020940        60.1363487244         7.9373416901         2.8636496067     0.03731193020940                  1.0                    0        20.7298088074         2.4430189133          0 ellipse      [        3.1089434624         2.1905076504]       149.4415740967     0.35606616735458          4
     5       266.4094936042       -29.0134836421      5.143423448E-05      2.735558382E-05 (     4156.7692307692,     4023.6923076923)     0.32913453219408     0.20013650325791         80        17.7988834381         4.7960815430         5.2011156082     0.04894779250026        17.7988834381         4.7960815430         5.2011156082     0.04894779250026                  1.0                    0         5.1748600006         2.2514803410          0 ellipse      [        3.7324390411         1.8519841433]       159.7623901367     0.38924726843834          5
     6       266.4243429289       -29.0103554212      3.256050587E-05      6.534022118E-05     (     4061.750,     4046.5833333333)     0.20833333333348     0.47810873550134         34         8.0620193481         3.4643654823         3.9379804134     0.04276165738702         8.0620193481         3.4643654823         3.9379804134     0.04276165738702                  1.0                    0         2.5471012592         2.2482552528          0 ellipse      [        5.3166971207         1.0524874926]       111.2876205444     0.35072162747383          6
     7       266.4156119681       -29.0081583456       2.53477935E-05      2.610645901E-05            (     4117.620,     4062.660)     0.16220974076805     0.19101832372871         94        73.1699295044        10.2477073669        31.8300724030     0.12453631311655        73.1699295044        10.2477073669        31.8300724030     0.12453631311655                  1.0                    0        10.9080305099         2.2229869366          0 ellipse      [        4.1498727798         3.3224322796]        68.8923263550     0.55678468942642          7
     8       266.4169069376       -29.0078431266      2.380695747E-05      2.462190513E-05 (     4109.3333333333,     4064.9666666667)     0.15234788000907     0.18015768127816        121       100.1322402954        12.0008869171        43.8677558899     0.14592650532722       100.1322402954        12.0008869171        43.8677558899     0.14592650532722                  1.0                    0        13.0386428833         2.2228581905          0 ellipse      [        5.1714997292         4.2831754684]       103.4503250122     0.70576184988022          8
     9       266.4374303739       -29.0075316151      4.391596161E-05      4.446099292E-05       (     3978.0,     4067.2368421053)     0.28097574347430     0.32536834129269         81        29.0745754242         6.1647543907         8.9254245758     0.06477133929729        29.0745754242         6.1647543907         8.9254245758     0.06477133929729                  1.0                    0         7.0731863976         2.3275582790          0 ellipse      [        6.4421486855         4.6587982178]       121.1446762085     0.78456783294678          9
    10       266.4087159387       -29.0061554928      4.256933022E-05      2.889060034E-05          (     4161.750,     4077.31250)     0.27243118397109     0.21137108216362         42        12.8075542450         4.0001816750         3.1924457550     0.03812098130584        12.8075542450         4.0001816750         3.1924457550     0.03812098130584                  1.0                    0         4.2898340225         2.2434709072          0 ellipse      [        3.3021576405         2.4933607578]       167.5824127197     0.42633381485939         10
    11       266.4158267914       -29.0058070818       2.35356452E-05      2.846075083E-05 (     4116.2457627119,     4079.8644067797)     0.15061705918379     0.20824544878633         81        92.6686325073        10.8633470535        25.3313655853     0.11098102480173        92.6686325073        10.8633470535        25.3313655853     0.11098102480173                  1.0                    0        15.1741867065         2.2239642143          0 ellipse      [        7.0620331764         4.5027279854]       111.0470352173     0.84518867731094         11
    12       266.4426407423       -28.9851669205      4.956747966E-05      7.334526817E-05          (     3944.6250,     4230.8750)     0.31715286140934     0.53673637616612         64        13.1286525726         4.0001726151         2.8713479042     0.03715939819813        13.1286525726         4.0001726151         2.8713479042     0.03715939819813                  1.0                    0         4.5224680901         2.5826680660          0 ellipse      [        6.7563152313         3.2126245499]        69.9219970703     0.60130536556244         12
    13       266.4161522764       -28.9836941141      2.376949823E-05      2.630199654E-05 (     4114.1666666667,     4241.6666666667)     0.15214515486241     0.19245008972939         27         5.3511204720         2.4495513439     0.64887946844101     0.01736277714372         5.3511204720         2.4495513439     0.64887946844101     0.01736277714372                  1.0                    0         2.4515585899         2.4286215305          0 ellipse                    [        1.50         1.0]        63.4349479675     0.16809876263142         13
    14       266.4229526738       -28.9707832261      2.935613492E-05      3.203277192E-05 (     4070.6363636364,     4336.1363636364)     0.18791433059369     0.23439260827854         65        20.6716613770         4.6905307770         1.3283394575     0.03281965106726        20.6716613770         4.6905307770         1.3283394575     0.03281965106726                  1.0                    0         8.4662847519         2.7961943150          0 ellipse      [        3.4248197079         2.4779918194]       112.9718017578     0.34728035330772         14
    15       266.4344873026       -29.0322814948      3.775444037E-05      7.000187867E-05 (     3996.8571428571,     3886.1428571429)     0.24147264420844     0.51224083257148         51         5.9592976570         2.6458516121         1.0407022238     0.02302836999297         5.9592976570         2.6458516121         1.0407022238     0.02302836999297                  1.0                    0         2.5487003326         2.5898013115          0 ellipse      [        4.0861234665         1.8728793859]             83.56250     0.35605978965759         15
    16       266.4137527748       -29.0116960142      5.959024219E-05      5.168256832E-05 (     4129.5161290323,     4036.7741935484)     0.38133062322413     0.37814839270868        122        32.0585060120         7.4840826988        23.9414939880     0.10719314217567        32.0585060120         7.4840826988        23.9414939880     0.10719314217567                  1.0                    0         5.3707857132         2.2326333523          0 ellipse      [        6.7942271233         5.8570179939]       136.6300811768     0.94182378053665         16
    17       266.4353061044       -28.9930919777      7.009394756E-05      5.833430403E-05 (     3991.5789473684,     4172.8947368421)     0.44854822432990     0.42689847666043         70        13.6889810562         4.3591957092         5.3110189438     0.05087281018496        13.6889810562         4.3591957092         5.3110189438     0.05087281018496                  1.0                    0         3.9541656971         2.3722691536          0 ellipse      [        6.8221516609         4.3618931770]       138.3822174072     0.76650148630142         17
    18       266.4238649254       -28.9818171629      2.794885984E-05      2.994114101E-05              (     4064.80,     4255.40)     0.17888543819981     0.21908902300220         31         3.8671233654         2.2361886501         1.1328765154     0.02322504483163         3.8671233654         2.2361886501         1.1328765154     0.02322504483163                  1.0                    0         1.6301984787         2.4656414986          0 ellipse      [        1.7141820192     0.81337571144104]       125.7825241089     0.15963307023048         18
