 
--------------------------------------------------------------------------------
Data for Table Block SRCLIST
--------------------------------------------------------------------------------
 
ROW    RA                   DEC                  RA_ERR               DEC_ERR              POS(X,Y)                                 X_ERR                Y_ERR                NPIXSOU    NET_COUNTS           NET_COUNTS_ERR       BKG_COUNTS           BKG_COUNTS_ERR       NET_RATE             NET_RATE_ERR         BKG_RATE             BKG_RATE_ERR         EXPTIME              EXPTIME_ERR          SRC_SIGNIFICANCE     PSF_SIZE             MULTI_CORREL_MAX SHAPE        R[2]                                     ROTANG               PSFRATIO             COMPONENT
 
     1       266.4217106895       -29.0362572840      5.504453674E-05      4.407272318E-05              (     4081.60,     3858.60)     0.35213633723333     0.32249030993216         55         9.0769948959         3.1623861790     0.92300474643707     0.02618669159710         9.0769948959         3.1623861790     0.92300474643707     0.02618669159710                  1.0                    0         3.9577963352         2.6255569458          0 ellipse      [        4.1207447052         1.8813464642]        41.1519737244     0.35349196195602          1
     2       266.4201318824       -29.0302713036      9.897914686E-05      3.457371469E-05              (     4091.70,     3902.40)     0.63324560795991     0.25298221281355         55         8.5336322784         3.1623866558         1.4663680792     0.02625926770270         8.5336322784         3.1623866558         1.4663680792     0.02625926770270                  1.0                    0         3.4288866520         2.4527838230          0 ellipse      [        6.2557525635         1.6478962898]        16.8057632446     0.43633913993835          2
     3       266.4069035147       -29.0288220628      7.886479415E-05      5.342592346E-05       (     4176.3333333333,     3913.0)     0.50460839234984     0.39086797998516         53        10.0985403061         3.4642355442         1.9014592171     0.03046498075128        10.0985403061         3.4642355442         1.9014592171     0.03046498075128                  1.0                    0         3.8421888351         2.4722332954          0 ellipse      [        6.5008306503         1.3187874556]       142.8755798340     0.39478543400764          3
     4       266.3982283408       -29.0233623561      3.013671648E-05      3.041987313E-05 (     4231.8431372549,     3952.9411764706)     0.19286095299231     0.22254990879310         96        47.6677398682         7.1415376663         3.3322610855     0.03953488171101        47.6677398682         7.1415376663         3.3322610855     0.03953488171101                  1.0                    0        15.7816123962         2.4511103630          0 ellipse      [        5.2999668121         3.4229488373]        55.1136245728     0.57923215627670          4
     5       266.4101642899       -29.0122514930      4.467337703E-05      2.287750047E-05     (     4155.4807692308,     4034.250)     0.28587349870122     0.16737399216845         77        44.0418853760         7.2113585472         7.9581155777     0.06073920428753        44.0418853760         7.2113585472         7.9581155777     0.06073920428753                  1.0                    0        11.1471586227         2.2458698750          0 ellipse      [        6.2159085274         3.5664732456]       172.9461822510     0.69882100820541          5
     6       266.4242478157       -29.0102093125      3.481327519E-05      6.325453463E-05 (     4065.3611111111,     4049.1944444444)     0.22275206895756     0.46284720775111         73        25.2476806641         6.0004224777        10.7523193359     0.07121926546097        25.2476806641         6.0004224777        10.7523193359     0.07121926546097                  1.0                    0         5.7492065430         2.2496900558          0 ellipse      [        8.5060062408         3.6240818501]        77.1201324463     0.82265532016754          6
     7       266.4157548379       -29.0082001616      2.519981507E-05      2.139830037E-05 (     4119.7083333333,     4063.8958333333)     0.16126220166279     0.15656796351414         69        55.7920761108         9.0560913086        26.2079238892     0.11310840398073        55.7920761108         9.0560913086        26.2079238892     0.11310840398073                  1.0                    0         9.0101995468         2.2230718136          0 ellipse      [        3.3534514904         3.2524733543]       172.5342864990     0.49519714713097          7
     8       266.4168962974       -29.0077041668        2.4949389E-05      2.409697834E-05 (     4112.4040404040,     4067.5252525253)     0.15965936083649     0.17631597950503        118       101.3836975098        12.2075080872        47.6163024902     0.15246991813183       101.3836975098        12.2075080872        47.6163024902     0.15246991813183                  1.0                    0        12.7453107834         2.2228016853          0 ellipse      [        5.5271410942         4.4566912651]        58.9056396484     0.74427694082260          8
     9       266.4373656775       -29.0075811661      2.888068968E-05      2.994843028E-05 (     3981.4166666667,     4068.4166666667)     0.18477964855083     0.21916296997324         29         8.7205381393         3.4643268585         3.2794613838     0.03951248154044         8.7205381393         3.4643268585         3.2794613838     0.03951248154044                  1.0                    0         2.8997399807         2.3263871670          0 ellipse      [        2.5980761051         1.4577379227]        54.4623222351     0.27884471416473          9
    10       266.4086588971       -29.0061918232      2.561225796E-05      1.988613269E-05 (     4165.1176470588,     4078.5882352941)     0.16391306965124     0.14549339821224         41         17.372669220         4.5827603340         3.6273314953     0.04114482179284         17.372669220         4.5827603340         3.6273314953     0.04114482179284                  1.0                    0         5.6182093620         2.2436330318          0 ellipse      [        2.0715496540         1.7487604618]                22.50     0.28277418017387         10
    11       266.4158098069       -29.0056494587       2.44880531E-05      2.417121583E-05 (     4119.3571428571,     4082.5595238095)     0.15671194267452     0.17685780194188         57        66.1791915894         9.1656169891        17.8208045959     0.09242789447308        66.1791915894         9.1656169891        17.8208045959     0.09242789447308                  1.0                    0        12.4645671844         2.2235498428          0 ellipse      [        5.4042987823         3.6064617634]       125.8617019653     0.66182351112366         11
    12       266.4206855628       -29.0040343383      5.576812868E-05      3.470388805E-05 (     4088.1555555556,     4094.3777777778)     0.35688024834644     0.25393474205703         71        30.0497303009         6.7087316513        14.9502696991     0.08415577560663        30.0497303009         6.7087316513        14.9502696991     0.08415577560663                  1.0                    0         6.0555362701         2.2409768105          0 ellipse      [        7.2728857994         4.9802522659]       167.5161895752     0.89520072937012         12
    13       266.4424732521       -28.9849643358      4.433807385E-05      4.521649767E-05              (     3948.70,     4233.90)     0.28372521918254     0.33090784215619         67        16.6017322540         4.4723143578         3.3982672691     0.03993249312043        16.6017322540         4.4723143578         3.3982672691     0.03993249312043                  1.0                    0         5.4669775963         2.5851631165          0 ellipse      [        4.4480285645         3.7967145443]        83.2147827148     0.52988123893738         13
    14       266.4311419047       -28.9780125014      6.846630265E-05      3.578587844E-05 (     4021.2222222222,     4284.7777777778)     0.43822813208135     0.26189140043971         53         7.9326734543         3.0000841618         1.0673263073     0.02248179726303         7.9326734543         3.0000841618         1.0673263073     0.02248179726303                  1.0                    0         3.3783624172         2.6096856594          0 ellipse      [        4.3257603645         1.5488415956]        26.0967350006     0.33061707019806         14
    15       266.4252554240       -28.9733631828      7.142136832E-05      6.914536783E-05              (     4058.90,     4318.80)     0.45716517802657     0.50596442562710         60         8.4519739151         3.1623995304         1.5480257273     0.02776540815830         8.4519739151         3.1623995304         1.5480257273     0.02776540815830                  1.0                    0         3.3593916893         2.7268335819          0 ellipse      [        5.6662902832         3.1214029789]       129.5485229492     0.51409626007080         15
    16       266.4067748764       -28.9728980561      2.793770233E-05      5.988692266E-05              (     4177.20,     4322.20)     0.17888543820027     0.43817804600440         39         4.4787344933         2.2361319065     0.52126550674438     0.01690175943077         4.4787344933         2.2361319065     0.52126550674438     0.01690175943077                  1.0                    0         2.1051590443         2.7906985283          0 ellipse      [        2.9424402714         1.1924952269]        92.8552932739     0.22374223172665         16
    17       266.4228929727       -28.9708303767      1.734999057E-05      1.663408196E-05 (     4074.0222222222,     4337.3333333333)     0.11106171741631     0.12171612389011         60        45.0466270447         6.8557729721         1.9533727169     0.04025559872389        45.0466270447         6.8557729721         1.9533727169     0.04025559872389                  1.0                    0        17.0360546112         2.8035469055          0 ellipse      [        2.5494010448         2.1204032898]       119.9541320801     0.27643895149231         17
    18       266.4017657852       -29.0119963071      5.366906606E-05      3.986309664E-05 (     4209.2222222222,     4036.1111111111)     0.34346735168492     0.29162992125930         32         6.7821412086         3.0001800060         2.2178587914     0.03285394236445         6.7821412086         3.0001800060         2.2178587914     0.03285394236445                  1.0                    0         2.4909181595         2.2906107903          0 ellipse      [        3.2884275913         2.3729071617]       150.4818725586     0.40650132298470         18
    19       266.4353970286       -28.9930406504      5.778629264E-05      8.334282444E-05            (     3994.0,     4174.81250)     0.36975498644370     0.60987559566456        112        25.0742073059         5.6571455002         6.9257926941     0.05739321559668        25.0742073059         5.6571455002         6.9257926941     0.05739321559668                  1.0                    0         6.6500625610         2.3714702129          0 ellipse      [       11.3436002731         4.2212347984]       116.1652984619     0.97264933586121         19
    20       266.4349456820       -29.0048094111      8.105401469E-05       4.34240325E-05              (     3996.90,     4088.70)     0.51865209919561     0.31780497164164         40         5.1454887390         3.1626470089         4.8545112610     0.04834021255374         5.1454887390         3.1626470089         4.8545112610     0.04834021255374                  1.0                    0         1.5280369520         2.3142356873          0 ellipse      [        5.0585613251         2.7768609524]       163.8750152588     0.53983587026596         20
    21       266.4413316669       -28.9799488602      8.558503703E-05      7.281803719E-05               (     3956.0,     4270.60)     0.54772255750504     0.53291650377832         60         6.5968251228         3.1625416279         3.4031748772     0.04086295887828         6.5968251228         3.1625416279         3.4031748772     0.04086295887828                  1.0                    0         2.1714839935         2.7083358765          0 ellipse      [        5.7892928123         4.3639535904]        42.1447029114     0.61862725019455         21
