 
--------------------------------------------------------------------------------
Data for Table Block SRCLIST
--------------------------------------------------------------------------------
 
ROW    RA                   DEC                  RA_ERR               DEC_ERR              POS(X,Y)                                 X_ERR                Y_ERR                NPIXSOU    NET_COUNTS           NET_COUNTS_ERR       BKG_COUNTS           BKG_COUNTS_ERR       NET_RATE             NET_RATE_ERR         BKG_RATE             BKG_RATE_ERR         EXPTIME              EXPTIME_ERR          SRC_SIGNIFICANCE     PSF_SIZE             MULTI_CORREL_MAX SHAPE        R[2]                                     ROTANG               PSFRATIO             COMPONENT
 
     1       266.4274045504       -29.0365925180      5.419842392E-05      3.222173792E-05 (     4048.6363636364,     3858.5454545455)     0.34671366881685     0.23579078706916         34         6.9048752785         3.3171322346         4.0951247215     0.05802001804113         6.9048752785         3.3171322346         4.0951247215     0.05802001804113                  1.0                    0         2.1569886208         2.6410281658          0 ellipse      [        3.6295096874         2.0570898056]       157.8370208740     0.34487071633339          1
     2       266.4218115915       -29.0362572576      3.754093797E-05      3.036984084E-05       (     4084.4166666667,     3861.0)     0.24016133980285     0.22222222222217         70        30.7867908478         6.0002737045         5.2132101059     0.05730381608009        30.7867908478         6.0002737045         5.2132101059     0.05730381608009                  1.0                    0         8.9445304871         2.6133446693          0 ellipse      [        4.5421299934         3.7492070198]       147.0642089844     0.52635836601257          2
     3       266.4346721455       -29.0323994294      4.762895679E-05      3.948763178E-05 (     4002.1388888889,     3889.2222222222)     0.30467747007015     0.28897197285778         73        26.4397678375         6.0003819466         9.5602321625     0.06770788878202        26.4397678375         6.0003819466         9.5602321625     0.06770788878202                  1.0                    0         6.2788057327         2.5831425190          0 ellipse      [        5.6924066544         4.9727706909]       146.5890808105     0.68655854463577          3
     4       266.4200626578       -29.0302511320      5.220433428E-05      4.067286655E-05 (     4095.6052631579,     3904.9473684211)     0.33399179266598     0.29760672431257         73        28.0419654846         6.1647853851         9.9580354691     0.06767849624157        28.0419654846         6.1647853851         9.9580354691     0.06767849624157                  1.0                    0         6.5636487007         2.4449815750          0 ellipse      [        6.4165401459         5.2219872475]        27.7880706787     0.78917169570923          4
     5       266.4068355043       -29.0289624932      1.650409143E-05      1.241804914E-05 (     4180.2307692308,     3914.3717948718)     0.10560099584291     0.09085208148235         50        72.2236709595         9.2739763260        13.7763319016     0.08149389177561        72.2236709595         9.2739763260        13.7763319016     0.08149389177561                  1.0                    0        15.0111255646         2.4758529663          0 ellipse      [        2.8062055111         2.3974969387]       171.5072326660     0.34921482205391          5
     6       266.4228664493       -29.0272524261      7.265109105E-05      4.666525824E-05 (     4077.6666666667,     3926.8888888889)     0.46481112585252     0.34146460952979         56        12.6848382950         4.2429218292         5.3151612282     0.04884128645062        12.6848382950         4.2429218292         5.3151612282     0.04884128645062                  1.0                    0         3.6632218361          2.389352560          0 ellipse      [        5.9829115868         4.2536640167]        12.2368593216     0.70377916097641          6
     7       266.4101962013       -29.0268374356      4.380936281E-05      2.774094836E-05 (     4158.7307692308,     3929.9230769231)     0.28030885495173     0.20295944243935         91        34.9902801514         7.7467350960        25.0097217560     0.10911635309458        34.9902801514         7.7467350960        25.0097217560     0.10911635309458                  1.0                    0         5.7593340874         2.3970174789          0 ellipse      [        4.3066534996         3.0786170959]         7.6607551575     0.50635528564453          7
     8       266.4326318295       -29.0265319876      6.569465916E-05      4.442255423E-05       (     4015.18750,     3932.156250)     0.42028055175979     0.32508825424338         62        19.1875629425         5.6573944092        12.8124361038     0.07816495746374        19.1875629425         5.6573944092        12.8124361038     0.07816495746374                  1.0                    0         4.0975241661         2.4131932259          0 ellipse      [        7.8943934441         4.3573126793]       149.0673522949     0.81013125181198          8
     9       266.4114549040       -29.0261320924      3.562644855E-05      2.543780706E-05 (     4150.6779661017,     3935.0847457627)     0.22795277885052     0.18611394420077         61        42.2680549622         7.6816625595        16.7319450378     0.08909499645233        42.2680549622         7.6816625595        16.7319450378     0.08909499645233                  1.0                    0         8.1580581665         2.3836479187          0 ellipse      [        5.2528519630         4.2886600494]       179.6296386719     0.66373550891876          9
    10       266.4081318248       -29.0263100917      2.686523993E-05      2.321924336E-05 (     4171.9390243902,     3933.7804878049)     0.17190153319189     0.16987974737276         88        74.6175918579         9.8493909836        22.3824081421     0.10244822502136        74.6175918579         9.8493909836        22.3824081421     0.10244822502136                  1.0                    0        12.8438081741         2.3954622746          0 ellipse      [        5.5879893303         3.4467976093]       135.7552795410     0.61069601774216         10
    11       266.3984429655       -29.0261170712      1.389730858E-05      1.433100773E-05 (     4233.9288702929,     3935.1841004184)     0.08893460655963     0.10484487249687        101       219.1751403809        15.4599323273        19.8248634338     0.09748151898384       219.1751403809        15.4599323273        19.8248634338     0.09748151898384                  1.0                    0        39.5912246704         2.5167162418          0 ellipse      [        5.3499922752         3.4692046642]       123.2167587280     0.57060557603836         11
    12       266.3981647339       -29.0233561754      8.082266561E-06      7.014419207E-06 (     4235.7127272727,     3955.3854545455)     0.05172149890041     0.05131549707858        122       282.1762390137        17.5502796173        25.8237724304      0.1110245436430       282.1762390137        17.5502796173        25.8237724304      0.1110245436430                  1.0                    0        45.8452224731         2.4592018127          0 ellipse      [        2.7275552750         2.3871986866]       136.7048492432     0.34587216377258         12
    13       266.4162394934       -29.0231190011      2.743505769E-05      2.533771999E-05 (     4120.0666666667,     3957.1333333333)     0.17554149029456     0.18539247657463         64        23.0369739532         6.4037866592        17.9630260468     0.09209800511599        23.0369739532         6.4037866592        17.9630260468     0.09209800511599                  1.0                    0         4.3254971504         2.3288831711          0 ellipse      [        2.3548727036         1.8040438890]         51.047378540     0.29501107335091         13
    14       266.3957824926       -29.0218977686      3.187355713E-05      2.173946453E-05 (     4250.9569892473,     3966.0537634409)     0.20396915793299     0.15902756243486         95        74.5857696533         9.6440963745        18.4142303467     0.09272271394730        74.5857696533         9.6440963745        18.4142303467     0.09272271394730                  1.0                    0        13.8694639206         2.4720430374          0 ellipse      [        5.9010248184         4.6008152962]     0.08732756972313     0.70259302854538         14
    15       266.4143650104       -29.0214474624      4.588594015E-05      4.605105817E-05 (     4132.0606060606,     3969.3636363636)     0.29360929274299     0.33694512069223         52          16.34050560         5.7452530861          16.65949440     0.08906135708094          16.34050560         5.7452530861          16.65949440     0.08906135708094                  1.0                    0         3.1591308117         2.3072905540          0 ellipse      [        5.9244346619         4.921725750]        69.1326065063     0.78011500835419         15
    16       266.4015260245       -29.0198056701      6.536489428E-05      3.555495248E-05 (     4214.2105263158,     3981.3684210526)     0.41827337591531     0.26009295499853         33        11.3529977798         4.3593120575         7.6470022202     0.06000140309334        11.3529977798         4.3593120575         7.6470022202     0.06000140309334                  1.0                    0         2.9126994610         2.3560659885          0 ellipse      [        5.4699435234         3.4006588459]     0.77828377485275     0.61018884181976         16
    17       266.4092499768       -29.0163092135      3.904507969E-05      2.956945043E-05 (     4164.7916666667,     4006.9583333333)     0.24985528218713     0.21633922907540         27        12.6720733643         4.8995270729        11.3279266357     0.07326474040747        12.6720733643         4.8995270729        11.3279266357     0.07326474040747                  1.0                    0         2.8315386772         2.2705891132          0 ellipse      [        3.6981916428         3.1491472721]       166.9304656982     0.50099271535873         17
    18       266.4422700660       -29.0159218023      5.171915842E-05      3.797394042E-05 (     3953.5072463768,     4009.7826086957)     0.33088146036516     0.27792065948961        101        46.5915946960         8.3072586060        22.4084072113     0.10270293056965        46.5915946960         8.3072586060        22.4084072113     0.10270293056965                  1.0                    0         8.0160083771         2.4071118832          0 ellipse      [        8.5992584229         6.4813098907]       154.4104003906         1.0338187218         18
    19       266.4119189342       -29.0156343159      2.991798738E-05      1.942367458E-05 (     4147.7142857143,     4011.8979591837)     0.19144554121794     0.14211145897343         52        40.0132598877         8.5449113846        32.9867401123     0.12453962862492        40.0132598877         8.5449113846        32.9867401123     0.12453962862492                  1.0                    0         5.8770999908         2.2601246834          0 ellipse      [        4.1681551933         2.7741734982]       159.2901306152     0.50151634216309         19
    20       266.4090299549       -29.0155811206      2.879654477E-05       2.95195493E-05      (     4166.20,     4012.2857142857)     0.18428017710448     0.21597969886261         39        24.7668972015         6.4813613892        17.2331027985     0.08968658000231        24.7668972015         6.4813613892        17.2331027985     0.08968658000231                  1.0                    0         4.7259216309         2.2664678097          0 ellipse      [        3.8354079723         3.2681288719]        86.3338394165     0.52069640159607         20
    21       266.4173111879       -29.0154147172      2.413299069E-05      2.640864179E-05 (     4113.2109704641,     4013.5063291139)     0.15442412410357     0.19323054222650        121       126.0650711060        15.3965435028       110.9349288940     0.23138123750687       126.0650711060        15.3965435028       110.9349288940     0.23138123750687                  1.0                    0        10.8976383209         2.2514488697          0 ellipse      [        9.0760087967         6.9378204346]       106.4072418213         1.1748316288         21
    22       266.3844754167       -29.0150133807       7.54213325E-05      4.622319965E-05 (     4323.3181818182,     4016.4090909091)     0.48270229192440     0.33807360749870         60        14.4397459030         4.6908497810         7.5602536201     0.06381339579821        14.4397459030         4.6908497810         7.5602536201     0.06381339579821                  1.0                    0         3.7189471722         2.6595051289          0 ellipse      [        6.9980363846         4.4488143921]        18.1720638275     0.69933962821960         22
    23       266.4018292509       -29.0148889359       2.87127902E-05      2.461624085E-05 (     4212.2758620690,     4017.3448275862)     0.18375315514641     0.18009068289439         49        41.3822746277         7.6162967682        16.6177253723     0.08931523561478        41.3822746277         7.6162967682        16.6177253723     0.08931523561478                  1.0                    0         8.0082416534         2.3064224720          0 ellipse      [        4.7254691124         3.4964599609]        43.0263633728      0.5874577164650         23
    24       266.4095436553       -29.0135643516      1.860870265E-05      1.446374153E-05 (     4162.9142857143,     4027.0428571429)     0.11908298794333     0.10582178759068         60        65.0220260620        10.0008172989        34.9779739380     0.12786205112934        65.0220260620        10.0008172989        34.9779739380     0.12786205112934                  1.0                    0         9.3190975189         2.2550947666          0 ellipse      [        3.0251872540         2.6147689819]        17.8666133881     0.41572558879852         24
    25       266.3880667777       -29.0129518514      7.175864465E-05      3.799356859E-05      (     4300.3421052632,     4031.50)     0.45924832567835     0.27787779055188         70        24.0576496124         6.1649479866        13.9423503876     0.08112818747759        24.0576496124         6.1649479866        13.9423503876     0.08112818747759                  1.0                    0         4.9777259827         2.5328323841          0 ellipse      [        8.4938745499         5.1373991966]         1.0383044481     0.86935442686081         25
    26       266.3943714759       -29.0124795703      6.900223707E-05      3.620098973E-05       (     4260.0,     4034.9655172414)     0.44159477499579     0.26478968218635         50        17.0810108185         5.3856902122        11.9189891815     0.07522683590651        17.0810108185         5.3856902122        11.9189891815     0.07522683590651                  1.0                    0         3.7463676929         2.3797371387          0 ellipse      [        7.3269248009         3.9385743141]       164.3225250244     0.75245434045792         26
    27       266.4101419183       -29.0121679346      2.441364421E-05      2.863309602E-05 (     4159.0869565217,     4037.2608695652)     0.15623792794668     0.20949751434046         33        24.2714500427         6.7830729485        21.7285499573     0.10040280222893        24.2714500427         6.7830729485        21.7285499573     0.10040280222893                  1.0                    0         4.2276248932         2.2464740276          0 ellipse      [        4.4455194473         2.9177641869]       112.1017150879     0.53439658880234         27
    28       266.4014709814       -29.0121799029      2.840199062E-05      2.834019695E-05 (     4214.5714285714,     4037.1666666667)     0.18177400293735     0.20733889646999         97        54.8746261597         9.6963176727        39.1253738403     0.13626155257225        54.8746261597         9.6963176727        39.1253738403     0.13626155257225                  1.0                    0         7.5019702911         2.2894706726          0 ellipse      [        4.6123409271         2.7324178219]       127.0985488892     0.51686590909958         28
    29       266.4118896259        -29.011562420      2.487490514E-05      2.452658143E-05 (     4147.9038461538,     4041.6923076923)     0.15918527635313     0.17945195484162         76        45.6751823425        11.0015811920        75.3248214722     0.18649724125862        45.6751823425        11.0015811920        75.3248214722     0.18649724125862                  1.0                    0         4.6980834007         2.2382342815          0 ellipse      [        4.0558762550         3.2372782230]       118.7264328003     0.53964179754257         29
    30       266.3848828431       -29.0115203340      4.642651209E-05      7.083177633E-05      (     4320.718750,     4041.968750)     0.29723456843385     0.51819317818945         65        20.2757053375         5.6573905945        11.7242946625     0.07788861542940        20.2757053375         5.6573905945        11.7242946625     0.07788861542940                  1.0                    0         4.4739999771         2.6234736443          0 ellipse      [        9.0680904388         4.5331048965]       106.3627090454     0.81462520360947         30
    31       266.4200805560       -29.0109687836      2.907690998E-05      2.217075096E-05 (     4095.4905660377,     4046.0377358491)     0.18606230751539     0.16222523480428         24        20.9444999695         7.2811312675        32.0555000305     0.12196240574121        20.9444999695         7.2811312675        32.0555000305     0.12196240574121                  1.0                    0         3.1132164001         2.2344384193          0 ellipse      [        4.4723467827         3.0107614994]        34.3860435486     0.54741448163986         31
    32       266.3942155703       -29.0109856328      5.702076913E-05      3.549354833E-05       (     4261.0,     4045.8965517241)     0.36493121531930     0.25962942394744         52        16.2466030121         5.3857207298        12.7533969879     0.07736684381962        16.2466030121         5.3857207298        12.7533969879     0.07736684381962                  1.0                    0         3.4754345417         2.3788187504          0 ellipse      [        5.9608535767         4.1012420654]        11.7283773422     0.69283419847488         32
    33       266.4037361781       -29.0109161746      1.920121827E-05      1.690587896E-05 (     4200.0779220779,     4046.4155844156)     0.12288519183130     0.12368471354966         70        73.7902069092        10.5365009308        37.2097969055     0.13363695144653        73.7902069092        10.5365009308        37.2097969055     0.13363695144653                  1.0                    0        10.3042364120         2.2688825130          0 ellipse      [        3.4801988602         2.9924070835]       133.7600097656     0.47410997748375         33
    34       266.3829425906       -29.0106272127      3.796710456E-05      4.191344176E-05      (     4333.1363636364,     4048.50)     0.24304758015842     0.30660767189147         64        26.5674762726         6.1651215553        11.4325237274     0.09340047836304        26.5674762726         6.1651215553        11.4325237274     0.09340047836304                  1.0                    0         5.9165749550         2.6740438938          0 ellipse      [        4.3150525093         3.4190990925]        88.3077392578     0.47880545258522         34
    35       266.4242859432       -29.0104423889      1.807131889E-05      1.737064513E-05 (     4068.5802469136,     4049.8888888889)     0.11563387333717     0.12710654495049         72        77.1449737549        11.8756093979        63.8550262451     0.17351613938808        77.1449737549        11.8756093979        63.8550262451     0.17351613938808                  1.0                    0         8.5358839035         2.2511773109          0 ellipse      [        3.4935722351         3.0529215336]        67.3651428223     0.48357266187668         35
    36       266.4084054026       -29.0104176721       2.63541238E-05      2.023903652E-05      (     4170.20,     4050.0666666667)     0.16865480854267     0.14807405554620         24        14.0767765045         5.2921185493        13.9232234955     0.08074417710304        14.0767765045         5.2921185493        13.9232234955     0.08074417710304                  1.0                    0         2.9141058922         2.2451946735          0 ellipse      [        2.0127475262         1.6579648256]        23.7447757721     0.27121084928513         36
    37       266.4184657841       -29.0101410703      2.298873113E-05       1.86987851E-05 (     4105.8235294118,     4052.0941176471)     0.14710725845998     0.13681855173991         38        36.2120971680        10.2972249985        69.7879028320     0.18124258518219        36.2120971680        10.2972249985        69.7879028320     0.18124258518219                  1.0                    0         3.8528900146         2.2274866104          0 ellipse      [        4.2744307518         3.5502867699]       146.6141815186     0.58295428752899         37
    38       266.3986172284       -29.0096786079      1.452069824E-05      1.326210571E-05 (     4232.8356164384,     4055.4657534247)     0.09293629363492     0.09702304036909         55        67.1583709717         9.3813486099        20.8416328430     0.09853672981262        67.1583709717         9.3813486099        20.8416328430     0.09853672981262                  1.0                    0        11.8934259415         2.3207633495          0 ellipse      [        2.5175764561         2.3496956825]        64.3114089966     0.34933733940125         38
    39       266.4147128205       -29.0091780596      1.690438535E-05      1.421483481E-05 (     4129.8391608392,     4059.1398601399)     0.10817725235665     0.10400620972950        100       170.3560638428        19.2118530273       198.6439361572     0.30871674418449       170.3560638428        19.2118530273       198.6439361572     0.30871674418449                  1.0                    0        11.2664203644         2.2244846821          0 ellipse      [        4.0295033455         3.5701315403]        35.4787216187     0.56835174560547         39
    40       266.4156660023       -29.0082193241      1.442177944E-05      1.282715776E-05 (     4123.7399193548,     4066.1552419355)     0.09229048599809     0.09385392200056         70       315.9731140137        22.2730312347       180.0268859863     0.29651275277138       315.9731140137        22.2730312347       180.0268859863     0.29651275277138                  1.0                    0        21.8737220764         2.2232255936          0 ellipse      [        6.4918375015         5.9329352379]       129.6087493896     0.93049454689026         40
    41       266.4168793848       -29.0078462778      9.729634087E-06      8.227131854E-06 (     4115.9753761970,     4068.8850889193)     0.06226314344894     0.06019691974916        221       890.3505249023        38.5004920959       591.6494750977     0.53646969795227       890.3505249023        38.5004920959       591.6494750977     0.53646969795227                  1.0                    0        35.1371994019         2.2228367329          0 ellipse      [        5.1401720047         4.7878546715]        30.7903518677     0.74392729997635         41
    42       266.4373869745       -29.0075189378      1.701640832E-05      1.596303935E-05 (     3984.7434554974,     4071.2722513089)     0.10887400494858     0.11681881744926         65       144.0351257324        13.8210964203        46.9648742676     0.15070274472237       144.0351257324        13.8210964203        46.9648742676     0.15070274472237                  1.0                    0        18.2147827148         2.3250679970          0 ellipse      [        5.0041007996         4.3351807594]       120.2182083130     0.66774356365204         42
    43       266.3926496226       -29.0066547992      4.851743125E-05      3.283185054E-05 (     4271.0277777778,     4077.5833333333)     0.31053048773629     0.24016133980240         63        20.0912685394         6.0006337166        15.9087324142     0.08721917122602        20.0912685394         6.0006337166        15.9087324142     0.08721917122602                  1.0                    0         3.9537980556         2.3985445499          0 ellipse      [        5.7121868134         4.1595044136]       162.4997406006     0.67741209268570         43
    44       266.4085827972       -29.0062214029      1.180362267E-05      9.884519123E-06 (     4169.0677966102,     4080.7711864407)     0.07554153203546     0.07231849755726         46       106.0785980225        11.6195240021        28.9214019775     0.11544817686081       106.0785980225        11.6195240021        28.9214019775     0.11544817686081                  1.0                    0        16.4535751343         2.2443478107          0 ellipse      [        2.5408492088         2.2712628841]        33.5187835693     0.35678923130035         44
    45       266.4157818822       -29.0062853709      1.024163754E-05      1.149663678E-05 (     4122.9988826816,     4080.3061452514)     0.06554193070406     0.08411943310057        259      1291.7628173828        43.9125289917       636.2371826172     0.55705648660660      1291.7628173828        43.9125289917       636.2371826172     0.55705648660660                  1.0                    0        49.2313804626         2.2223777771          0 ellipse      [        7.6337742805         5.7728266716]       103.0742034912     0.99569147825241         45
    46       266.4207401770       -29.0039517255      6.394980744E-06      5.361224172E-06 (     4091.2693110647,     4097.3820459290)     0.04092384571868     0.03922875150420         97       471.1911926270        25.0214767456       154.8088073730     0.27249237895012       471.1911926270        25.0214767456       154.8088073730     0.27249237895012                  1.0                    0        34.9747581482         2.2401478291          0 ellipse      [        2.7582495213         2.4992260933]        32.2629356384     0.39068040251732         46
    47       266.3952865589       -29.0023124949      3.716249273E-05      2.304474277E-05            (     4254.160,     4109.360)     0.23785709995718     0.16857046004588         34        16.4371814728         5.0004038811         8.5628175735     0.06356938183308        16.4371814728         5.0004038811         8.5628175735     0.06356938183308                  1.0                    0         4.0568695068         2.3731374741          0 ellipse      [        3.5684111118         2.5277740955]       178.5688018799     0.42185425758362         47
    48       266.3895430051       -29.0019334423      3.434372815E-05      2.024104013E-05    (     4290.9166666667,     4112.1250)     0.21982210821261     0.14804865003680         62        23.1163120270         6.1649947166        14.8836879730     0.08462828397751        23.1163120270         6.1649947166        14.8836879730     0.08462828397751                  1.0                    0         4.6662421227         2.4847128391          0 ellipse      [        3.2495708466         2.1475951672]         8.2414903641     0.35439839959145         48
    49       266.3989616131       -29.0012201722       3.40215509E-05      2.293198897E-05 (     4230.6428571429,     4117.3571428571)     0.21775349751988     0.16775639858042         70        40.5791053772         7.8108706474        20.4208927155     0.09848828613758        40.5791053772         7.8108706474        20.4208927155     0.09848828613758                  1.0                    0         7.2447376251         2.3269650936          0 ellipse      [        4.5299725533         2.8355906010]       152.8586883545     0.51340299844742         49
    50       266.4070621578       -29.0005732196      1.767887613E-05      1.441900303E-05 (     4178.8032786885,     4122.0983606557)     0.11314960767686     0.10549258163428         86        64.5611495972         10.050734520        36.4388465881     0.13141947984695        64.5611495972         10.050734520        36.4388465881     0.13141947984695                  1.0                    0         9.0953416824         2.2703912258          0 ellipse      [        2.9024348259         2.1712384224]        37.8278579712     0.36856409907341         50
    51       266.4192196408       -29.0004741690      4.173698005E-05      2.587170639E-05       (     4101.0,     4122.8275862069)     0.26710229973833     0.18930353305495         26        12.3737525940         5.3858852386        16.6262474060     0.08810185641050        12.3737525940         5.3858852386        16.6262474060     0.08810185641050                  1.0                    0         2.3940782547         2.2500147820          0 ellipse      [        4.7706346512         2.2836120129]       150.9434204102     0.48898172378540         51
    52       266.4468675017       -29.0000534907      3.302787553E-05      3.170287173E-05 (     3924.0632911392,     4125.8860759494)     0.21131414616912     0.23202040764409         86        51.1572227478         8.8889341354        27.8427791595     0.11465999484062        51.1572227478         8.8889341354        27.8427791595     0.11465999484062                  1.0                    0         8.0597820282         2.4551475048          0 ellipse      [        6.3994145393         5.3918318748]        61.6617927551     0.79751604795456         52
    53       266.3916646051       -28.9988359287      5.560780994E-05      3.965352112E-05 (     4277.3448275862,     4134.7931034483)     0.35594446409505     0.29006256385583         53        16.6759777069         5.3857064247        12.3240213394     0.07638394832611        16.6759777069         5.3857064247        12.3240213394     0.07638394832611                  1.0                    0         3.6128022671         2.4435951710          0 ellipse      [        5.7774081230         4.6528382301]         9.3662500381     0.70725333690643         53
    54       266.4233604177       -28.9977888972      3.325293238E-05       3.74324769E-05      (     4074.50,     4142.4756097561)     0.21280400447085     0.27390233572714         79        49.9725685120         9.0562162399        32.0274314880     0.12267348915339        49.9725685120         9.0562162399        32.0274314880     0.12267348915339                  1.0                    0         7.4306907654         2.2771654129          0 ellipse      [        7.825794220         5.2482638359]       114.6825714111     0.93811529874802         54
    55       266.4565097164       -28.9972066547      4.175828235E-05      3.754095572E-05             (     3862.350,     4146.70)     0.26716100014801     0.27477263328092         65        19.9544334412         5.4778432846        10.0455675125     0.08227791637182        19.9544334412         5.4778432846        10.0455675125     0.08227791637182                  1.0                    0         4.6560921669         2.7146441936          0 ellipse      [        3.8746080399         3.3800759315]       129.0279083252     0.44436815381050         55
    56       266.3830240726       -28.9965787072      2.887908875E-05      4.218842432E-05 (     4332.6470588235,     4151.2941176471)     0.18491888188055     0.30863810548090         37        10.8206033707         4.1236572266         6.1793961525     0.06745756417513        10.8206033707         4.1236572266         6.1793961525     0.06745756417513                  1.0                    0         2.9789338112         2.7232489586          0 ellipse      [        3.8297393322         2.2670078278]        84.3450317383     0.36066377162933         56
    57       266.4324011626       -28.9963642448      3.370383678E-05      3.470308673E-05           (     4016.640,     4152.8960)     0.21567382780495     0.25394777415841        117        75.8093490601        11.1813974380        49.1906509399     0.15374849736691        75.8093490601        11.1813974380        49.1906509399     0.15374849736691                  1.0                    0         9.3976163864         2.3315315247          0 ellipse      [        9.8569717407         5.2650136948]        53.4650230408         1.0299329758         57
    58       266.3960553950          -28.9954260      5.509472913E-05      4.416280274E-05            (     4249.250,     4159.750)     0.35266839949145     0.32307119958296         42        12.7381601334         4.4725255966         7.2618398666     0.05903313681483        12.7381601334         4.4725255966         7.2618398666     0.05903313681483                  1.0                    0         3.3254394531         2.4093971252          0 ellipse      [        5.6649527550         3.0138528347]        40.4991226196     0.57164913415909         58
    59       266.4234809844       -28.9926812680      2.862401436E-05      2.935437464E-05 (     4073.7272727273,     4179.8484848485)     0.18319041397854     0.21479360807552         71        33.6402320862         7.7467656136        26.3597660065     0.11124128848314        33.6402320862         7.7467656136        26.3597660065     0.11124128848314                  1.0                    0         5.4199833870         2.3195669651          0 ellipse      [        3.7926702499         3.0471417904]       111.4491729736     0.48852941393852         59
    60       266.4217440453       -28.9915843455      3.460188941E-05       4.08524625E-05        (     4084.843750,     4187.8750)     0.22145371536044     0.29892385108906         37        17.8480739594         5.6574497223        14.1519250870     0.08206961303949        17.8480739594         5.6574497223        14.1519250870     0.08206961303949                  1.0                    0         3.6722157001         2.3240349293          0 ellipse      [        5.0730004311         3.7580666542]        89.4795837402     0.62625437974930         60
    61       266.4177557869       -28.9896955180      3.408665003E-05      3.731477908E-05 (     4110.3695652174,     4201.6956521739)     0.21816968399253     0.27303095584921         51        28.0873470306         6.7829604149        17.9126529694     0.09247926622629        28.0873470306         6.7829604149        17.9126529694     0.09247926622629                  1.0                    0         5.2795472145         2.3376717567          0 ellipse      [        5.5635519028         4.4288225174]        84.8571853638     0.70780795812607         61
    62       266.4170518735       -28.9886716191      3.702235671E-05      4.734254687E-05         (     4114.8750,     4209.18750)     0.23696485762684     0.34640311370913         46        18.5490016937         5.6574130058        13.4509983063     0.07949457317591        18.5490016937         5.6574130058        13.4509983063     0.07949457317591                  1.0                    0         3.8899669647         2.3485059738          0 ellipse      [        5.9002928734         3.9896130562]        83.3309097290     0.68863523006439         62
    63       266.4344587925       -28.9884475644      3.003410745E-05      2.294614702E-05 (     4003.4642857143,     4210.8214285714)     0.19220884990682     0.16792226266170         61        28.8086528778         6.3249621391        11.1913480759     0.07175061851740        28.8086528778         6.3249621391        11.1913480759     0.07175061851740                  1.0                    0         6.4656805992         2.4232864380          0 ellipse      [        3.1592741013         2.5366914272]        25.7859611511     0.38940495252609         63
    64       266.4187336492       -28.9876191213      2.950579449E-05      3.985634876E-05 (     4104.1111111111,     4216.8888888889)     0.18885257457714     0.29162992126021        121        48.5123405457         9.2745857239        37.4876594543     0.13393294811249        48.5123405457         9.2745857239        37.4876594543     0.13393294811249                  1.0                    0         6.7531504631         2.3562922478          0 ellipse      [        2.7640316486         1.4621583223]       111.6817092896     0.28439259529114         64
    65       266.4075739264       -28.9857691669       3.75024037E-05      4.015412063E-05 (     4175.5394736842,     4230.4210526316)     0.24006634980924     0.29378556417851         91        54.7871704102         8.7183809280        21.2128314972     0.10078848153353        54.7871704102         8.7183809280        21.2128314972     0.10078848153353                  1.0                    0         9.6346845627         2.4335780144          0 ellipse      [        7.7232785225         6.2295398712]        80.1248245239     0.95008462667465         65
    66       266.4425789546       -28.9850788345      2.010894264E-05      1.507333574E-05        (     3951.48750,     4235.46250)     0.12868778836764     0.11031736887344         97        82.7410812378        10.5836706161        29.2589206696     0.11867580562830        82.7410812378        10.5836706161        29.2589206696     0.11867580562830                  1.0                    0        12.7725486755         2.5846886635          0 ellipse      [        3.4554488659         2.9573314190]       175.8743133545     0.41226148605347         66
    67       266.3901974806       -28.9847252065       3.45389584E-05      2.942618575E-05            (     4286.760,     4238.040)      0.2211243993770     0.21525798475341        106        34.5216827393         7.2807240486        18.4783153534     0.09454863518476        34.5216827393         7.2807240486        18.4783153534     0.09454863518476                  1.0                    0         6.4106993675         2.7340843678          0 ellipse      [        3.6282477379         2.8745465279]       138.3745880127     0.39373132586479         67
    68       266.3980205882       -28.9846467505      5.113982269E-05      3.984397138E-05         (     4236.68750,     4238.6250)     0.32738010687081     0.29148059540876         29         9.9507017136         4.0003595352         6.0492982864     0.05363925173879         9.9507017136         4.0003595352         6.0492982864     0.05363925173879                  1.0                    0         2.7583017349         2.5704863071          0 ellipse      [        4.5500035286         2.6392109394]       141.7336120605     0.44937238097191         68
    69       266.4453609120       -28.9842176814      4.013195962E-05      3.738220908E-05            (     3933.680,     4241.760)     0.25681121470870     0.27358362524046         65        33.8730049133         7.0716104507        16.1269950867     0.08758596330881        33.8730049133         7.0716104507        16.1269950867     0.08758596330881                  1.0                    0         6.6311531067         2.6653504372          0 ellipse      [        5.8258771896         5.4239425659]       103.8537750244     0.70301181077957         69
    70       266.4201515781       -28.9839237035      3.299368313E-05       2.84006891E-05 (     4095.0357142857,     4243.9285714286)     0.21118073588059     0.20781032504510         42        18.3370971680         5.2919344902         9.6629018784     0.06760380417109        18.3370971680         5.2919344902         9.6629018784     0.06760380417109                  1.0                    0         4.3381876945         2.4286851883          0 ellipse      [        3.4667828083         3.1784572601]       140.3520050049     0.45559507608414         70
    71       266.4161463439       -28.9837046182      3.049968859E-05      2.666685441E-05     (     4120.6718750,     4245.531250)     0.19522458959091     0.19511708974642         73        50.4694900513         8.0004005432        13.5305109024     0.08003938198090        50.4694900513         8.0004005432        13.5305109024     0.08003938198090                  1.0                    0        10.5607767105         2.4318654537          0 ellipse      [        4.7608819008         4.6060390472]        44.5225791931     0.64186948537827         71
    72       266.4308802743       -28.9833957722      3.819339372E-05      3.791570318E-05 (     4026.3647058824,     4247.7882352941)     0.24443823531783     0.27745462805433        120        58.0127449036         9.2202377319        26.9872570038     0.11307049542665        58.0127449036         9.2202377319        26.9872570038     0.11307049542665                  1.0                    0         9.2574253082         2.4766218662          0 ellipse      [        8.0673341751         6.2862892151]       119.4802932739     0.95847600698471         72
    73       266.4174559609       -28.9835830421      4.347447737E-05      3.281829244E-05 (     4112.2894736842,     4246.4210526316)     0.27827101403636     0.24012802145080         57        26.3636054993         6.1648635864        11.6363945007     0.07445999234915        26.3636054993         6.1648635864        11.6363945007     0.07445999234915                  1.0                    0         5.8333902359         2.4356083870          0 ellipse      [        5.1611471176         4.4232873917]         8.5068140030     0.65390849113464         73
    74       266.3982418916       -28.9833779606       5.06609735E-05      4.157259364E-05 (     4235.2727272727,     4247.9090909091)     0.32432094000615     0.30413023515121         58        22.1767902374         5.7449975014        10.8232097626     0.07069586962461        22.1767902374         5.7449975014        10.8232097626     0.07069586962461                  1.0                    0         5.0379562378         2.5953166485          0 ellipse      [        6.2692933083         4.4053039551]        39.5410575867     0.67497181892395         74
    75       266.4240218171       -28.9819382074      3.708479443E-05      3.323397909E-05 (     4070.2631578947,     4258.4561403509)     0.23736306031151     0.24318368441072        110        54.6570663452         9.3282108307        32.3429336548     0.12453822791576        54.6570663452         9.3282108307        32.3429336548     0.12453822791576                  1.0                    0         8.0941705704         2.4762506485          0 ellipse      [        5.8106303215         5.0475311279]       130.0137634277     0.72901302576065         75
    76       266.4101845146       -28.9807474803        3.6045711E-05       2.71135751E-05 (     4158.8333333333,     4267.1666666667)     0.23073955174823     0.19837301190364         26         7.8579659462         3.4643886089         4.1420340538     0.04458742961287         7.8579659462         3.4643886089         4.1420340538     0.04458742961287                  1.0                    0         2.4465968609         2.5077924728          0 ellipse      [        2.6275355816         1.7595615387]        33.4007034302     0.28580096364021         76
    77       266.4183661179       -28.9791257192      4.497055886E-05      4.445854128E-05 (     4106.4642857143,     4279.0357142857)     0.28785866207181     0.32530261757711         52        18.2623844147         5.2919344902         9.7376155853     0.06761790066957        18.2623844147         5.2919344902         9.7376155853     0.06761790066957                  1.0                    0         4.3087325096         2.5227134228          0 ellipse      [        6.1184000969         3.1801965237]        51.1129531860     0.58284991979599         77
    78       266.4311788375       -28.9780914741      1.819977183E-05      1.296382148E-05             (     4024.450,     4286.60)     0.11648795836709     0.09486832980474         84        66.3609237671         9.2741231918        19.6390762329     0.09678982198238        66.3609237671         9.2741231918        19.6390762329     0.09678982198238                  1.0                    0        12.0318756104         2.6182985306          0 ellipse      [        2.7093470097         2.2015764713]       175.8496551514     0.31092724204063         78
    79       266.4310805460       -28.9748461753      6.240233324E-05      4.578437537E-05 (     4025.0769230769,     4310.3461538462)     0.39941924157665     0.33504529276161         53        15.5485458374         5.0995197296        10.4514541626     0.07142227888107        15.5485458374         5.0995197296        10.4514541626     0.07142227888107                  1.0                    0         3.5769627094         2.7236158848          0 ellipse      [        7.2843236923         3.2461888790]        37.4597587585     0.59513348340988         79
    80       266.4251854139       -28.9735399872      3.342484229E-05      2.516356432E-05       (     4062.81250,     4319.906250)     0.21395412402535     0.18413318358398         61        30.9913578033         6.6337547302        13.0086412430     0.08185161650181        30.9913578033         6.6337547302        13.0086412430     0.08185161650181                  1.0                    0         6.5809340477         2.7290067673          0 ellipse      [        4.1838603020         2.3331425190]       143.2336425781     0.38162195682526         80
    81       266.4228219629       -28.9709225410      1.463366129E-05      1.280185975E-05 (     4077.9411764706,     4339.0588235294)     0.09367446599435     0.09367446599390         38        55.5089302063         7.8743910789         6.4910678864     0.07766547054052        55.5089302063         7.8743910789         6.4910678864     0.07766547054052                  1.0                    0        15.0393075943         2.8107130527          0 ellipse      [        2.0855410099         1.9250668287]        40.6012954712     0.23762629926205         81
    82       266.4013139024       -29.0304096939      4.725711335E-05      5.697438065E-05 (     4215.5555555556,     3903.7777777778)     0.30240614108425     0.41683809916367         63        17.3841285706         5.1966018677         9.6158714294     0.06835971027613        17.3841285706         5.1966018677         9.6158714294     0.06835971027613                  1.0                    0         4.1198449135         2.5816655159          0 ellipse      [        7.0822052956         3.7797896862]       118.0565185547     0.66803133487701         82
    83       266.3920733234       -29.0262777349      7.339800209E-05      4.813402995E-05       (     4274.6818181818,     3934.0)     0.46968586141702     0.35208939510994         71        15.9392995834         4.6907362938         6.0606999397     0.05482855066657        15.9392995834         4.6907362938         6.0606999397     0.05482855066657                  1.0                    0         4.4156465530         2.6393167973          0 ellipse      [        6.6324658394         4.9229669571]       172.8052825928     0.72166925668716         83
    84       266.4124597091       -29.0243670672      3.740798564E-05      3.221471045E-05              (     4144.250,     3948.0)     0.23935677693953     0.23570226039556         87        31.5785465240         7.4169406891        23.4214534760     0.10491525381804        31.5785465240         7.4169406891        23.4214534760     0.10491525381804                  1.0                    0         5.3374171257         2.3527963161          0 ellipse      [        2.7562069893         2.1426205635]       136.7881622314     0.34428885579109         84
    85       266.3864065689       -29.0192934329       5.09845807E-05      3.433208702E-05 (     4310.9523809524,     3985.0952380952)     0.32629432115664     0.25111779047438         99        30.0966110229         6.3249335289         9.9033880234     0.06915601342916        30.0966110229         6.3249335289         9.9033880234     0.06915601342916                  1.0                    0         7.0583825111         2.6411623955          0 ellipse      [        4.4966192245         3.4382021427]         6.1737942696     0.49624070525169         85
    86       266.4052974762       -29.0188724821      3.945328064E-05      3.787845228E-05             (     4190.080,     3988.20)     0.25247574140940     0.27712812921118         85        28.8894252777         7.2808952332        24.1105747223     0.10694090276957        28.8894252777         7.2808952332        24.1105747223     0.10694090276957                  1.0                    0         4.8261346817         2.3185501099          0 ellipse      [        4.6866893768         3.1076266766]        51.9043121338     0.54866814613342         86
    87       266.4332557351       -29.0185933726      5.567176686E-05      4.565472384E-05 (     4011.1891891892,     3990.2432432432)     0.35617856061026     0.33409910788032         73        18.7586746216         6.0834822655        18.2413253784     0.09357877075672        18.7586746216         6.0834822655        18.2413253784     0.09357877075672                  1.0                    0         3.5011222363         2.3435165882          0 ellipse      [        6.6342244148         5.9500164986]        26.9412841797     0.89364469051361         87
    88       266.3999111077       -29.0131355620      3.008087344E-05      3.403285539E-05 (     4224.5517241379,     4030.1724137931)     0.19252503826829     0.24898827633706         89        36.9050598145         8.1862182617        30.0949401855     0.11906134337187        36.9050598145         8.1862182617        30.0949401855     0.11906134337187                  1.0                    0         5.6310744286         2.3151576519          0 ellipse      [        4.2209353447         2.8352496624]       114.1415710449     0.49807894229889         88
    89       266.4143845894       -29.0128787244      2.430352617E-05      2.057507914E-05 (     4131.9382716049,     4032.0617283951)     0.15552192367340     0.15054205671686        109       114.9019241333        16.1576747894       146.0980682373     0.26545321941376       114.9019241333        16.1576747894       146.0980682373     0.26545321941376                  1.0                    0         8.7590446472         2.2370400429          0 ellipse      [        4.4093117714         3.8355710506]       141.7924499512     0.61278116703033         89
    90       266.4145491793       -29.0109835959      2.516631946E-05      2.231654284E-05 (     4130.8857142857,     4045.9285714286)     0.16104614263713     0.16328443765451         53        55.2156715393        12.0017728806        88.7843322754     0.20629768073559        55.2156715393        12.0017728806        88.7843322754     0.20629768073559                  1.0                    0         5.2776055336         2.2279307842          0 ellipse      [        4.3844075203         3.7300803661]       132.5292968750     0.60505050420761         90
    91       266.4021064827       -28.9985087664      4.156503479E-05      4.235010306E-05             (     4210.520,     4137.20)     0.26605262637258     0.30983866769657         42        14.2432765961         5.0005125999        10.7567234039     0.07160125672817        14.2432765961         5.0005125999        10.7567234039     0.07160125672817                  1.0                    0         3.2428894043         2.3081331253          0 ellipse      [        5.3555150032         2.9740309715]        53.3097839355     0.57635658979416         91
    92       266.4368309398       -28.9980047350      3.030088072E-05      3.193427314E-05 (     3988.2916666667,     4140.8888888889)     0.19388560567131     0.23369313822514         97        62.9193000793        10.8640069962        55.0806999207     0.16323162615299        62.9193000793        10.8640069962        55.0806999207     0.16323162615299                  1.0                    0         7.4267401695         2.3470172882          0 ellipse      [        6.0160050392         4.8534464836]       104.6049041748     0.76743513345718         92
    93       266.4389949518       -28.9959173951      4.360673421E-05      3.220314305E-05            (     3974.440,     4156.160)     0.27904121559368     0.23567774608546         99        45.6912727356        10.0012912750        54.3087272644     0.16071665287018        45.6912727356        10.0012912750        54.3087272644     0.16071665287018                  1.0                    0         5.4264154434         2.3879089355          0 ellipse      [        8.3712587357         7.0703063011]     0.24642740190029         1.0739287138         93
    94       266.4353809785       -28.9933726681      3.112156884E-05      6.458995043E-05 (     3997.5666666667,     4174.7833333333)     0.19911842744477     0.47263544012185         89        31.8452205658         7.7468008995        28.1547794342     0.11367917805910        31.8452205658         7.7468008995        28.1547794342     0.11367917805910                  1.0                    0         4.9942975044         2.3729343414          0 ellipse      [       11.2442960739         3.9501023293]       103.2319488525     0.93618857860565         94
    95       266.3901377068       -28.9920753901      4.259894757E-05      5.216065259E-05 (     4287.1290322581,     4184.2580645161)     0.27273591868379     0.38159461122541         72        20.1394004822         5.5682225227        10.8605995178     0.07141501456499        20.1394004822         5.5682225227        10.8605995178     0.07141501456499                  1.0                    0         4.5694169998         2.5837290287          0 ellipse      [        6.5319881439         4.3258461952]       106.9692916870     0.68578821420670         95
    96       266.4049233605       -28.9906371088      4.524350192E-05      7.157220686E-05              (     4192.50,     4194.80)     0.28963578661660     0.52366231697761         58        17.4336547852         5.4777793884        12.5663442612     0.07788685709238        17.4336547852         5.4777793884        12.5663442612     0.07788685709238                  1.0                    0         3.7498531342         2.3717825413          0 ellipse      [        9.0505657196         3.8441205025]       110.0257186890      0.8289726972580         96
    97       266.4250885569       -28.9806457276       3.69903392E-05      4.439555688E-05 (     4063.4347826087,     4267.9130434783)     0.23675569436637     0.32485589929274         87        36.8689308167         8.0631027222        28.1310691833     0.11670051515102        36.8689308167         8.0631027222        28.1310691833     0.11670051515102                  1.0                    0         5.7841682434         2.4998338223          0 ellipse      [        4.7306456566         3.3270118237]       102.5501022339     0.52899914979935         97
    98       266.4037946691       -28.9776694720      5.556940408E-05      3.532209845E-05 (     4199.7368421053,     4289.6842105263)     0.35573734640820     0.25840584775688         39        12.5434789658         4.3592624664         6.4565215111     0.05630410835147        12.5434789658         4.3592624664         6.4565215111     0.05630410835147                  1.0                    0         3.4043943882         2.6827054024          0 ellipse      [        4.6566109657         3.3725576401]         3.7515437603     0.49240270256996         98
    99       266.4050890705       -28.9741663117      8.384635635E-05      5.919502052E-05 (     4191.4545454545,     4315.3181818182)     0.53677670044999     0.43306691997259         75        13.8174419403         4.6908526421         8.1825580597     0.06401348859072        13.8174419403         4.6908526421         8.1825580597     0.06401348859072                  1.0                    0         3.4641132355         2.7918262482          0 ellipse      [        7.5784473419         6.0622620583]         7.8240995407     0.80927819013596         99
   100       266.4069669162       -28.9731582507       7.79235919E-05       6.79832325E-05 (     4179.4347826087,     4322.6956521739)     0.49886861394043     0.49738363709821         79        15.1441068649         4.7962732315         7.8558931351     0.06509184837341        15.1441068649         4.7962732315         7.8558931351     0.06509184837341                  1.0                    0         3.8499550819         2.7995700836          0 ellipse      [        8.1852827072         5.9772100449]       135.2805480957     0.83282452821732        100
   101       266.4272747121       -28.9718144736       5.85583457E-05      4.050646329E-05       (     4049.43750,     4332.531250)     0.37483720424689     0.29641205680946         60        21.3834190369         5.6575098038        10.6165809631     0.08610774576664        21.3834190369         5.6575098038        10.6165809631     0.08610774576664                  1.0                    0         4.8916234970         2.8009798527          0 ellipse      [        6.4134955406         4.9634294510]        11.6093158722     0.67143976688385        101
   102       266.4260784302        -28.971438090      4.693757717E-05      4.231731981E-05 (     4057.0952380952,     4335.2857142857)     0.30045137551133     0.30965460344851         58        21.2008228302         5.6576285362        10.7991762161     0.09359702467918        21.2008228302         5.6576285362        10.7991762161     0.09359702467918                  1.0                    0         4.8201131821         2.8042366505          0 ellipse      [        5.2580094337         2.7453615665]        46.5125045776     0.45162141323090        102
   103       266.3952844107       -29.0288021361        8.8242348E-05      4.799745837E-05 (     4254.1333333333,     3915.5333333333)     0.56463688757867     0.35108298058913         52        10.1157732010         3.8732771873         4.8842272758     0.04771417379379        10.1157732010         3.8732771873         4.8842272758     0.04771417379379                  1.0                    0         2.9984631538         2.6249423027          0 ellipse      [        6.6109194756         3.9969668388]       171.0961761475     0.65276247262955        103
   104       266.3995276817       -29.0172590676      4.629583896E-05      6.086244727E-05                (     4227.0,     4000.0)     0.29630504783017     0.44528381147074        129        35.6290321350         8.3075675964        33.3709678650     0.12519253790379        35.6290321350         8.3075675964        33.3709678650     0.12519253790379                  1.0                    0         5.2079205513         2.3511371613          0 ellipse      [       11.3081121445         7.0554080009]       104.2670440674          1.266359210        104
   105       266.4536802080       -29.0171197224      5.528633733E-05      9.662410716E-05               (     3880.50,     4001.0)     0.35355339059333     0.70710678118667         88        13.3372783661         4.6908674240         8.6627216339     0.06510879844427        13.3372783661         4.6908674240         8.6627216339     0.06510879844427                  1.0                    0         3.2785706520         2.6397037506          0 ellipse      [        3.3541018963      3.576278687E-07]        63.4349479675      0.0001383016497        105
   106       266.4333068532       -29.0126002619      3.836554453E-05      3.894038433E-05 (     4010.8571428571,     4034.0952380952)     0.24546419799572     0.28495742534960         35         8.3594074249         5.0007991791        16.6405925751     0.08940920233727         8.3594074249         5.0007991791        16.6405925751     0.08940920233727                  1.0                    0         1.6168433428         2.3061187267          0 ellipse      [        3.9884293079         3.2904596329]       109.4017944336     0.52363216876984        106
   107       266.4357930384       -29.0101530087      4.263772183E-05      2.558565762E-05       (     3994.9459459459,     4052.0)     0.27281490190717     0.18724873595329         32        15.1821336746         6.0836319923        21.8178653717     0.10284213721752        15.1821336746         6.0836319923        21.8178653717     0.10284213721752                  1.0                    0         2.6401116848         2.3175928593          0 ellipse      [        5.1968626976         3.0745420456]       159.1547241211     0.57491338253021        107
   108       266.4426221846       -29.0090131450      4.314714096E-05      3.840857283E-05 (     3951.2444444444,     4060.3333333333)     0.27604894100978     0.28109134757051         93        30.5595893860         8.3077440262        38.4404106140     0.13644497096539        30.5595893860         8.3077440262        38.4404106140     0.13644497096539                  1.0                    0         4.2091794014         2.3803799152          0 ellipse      [        6.0165195465         5.1636919975]       131.5733032227     0.78052228689194        108
   109       266.4210746633       -29.0072707102      2.225123416E-05      2.006242874E-05 (     4089.1290322581,     4073.0967741935)     0.14238883232565     0.14679963416302         68        61.4558372498        14.0735807419       136.5441589355     0.25624650716782        61.4558372498        14.0735807419       136.5441589355     0.25624650716782                  1.0                    0         4.8324751854         2.2382898331          0 ellipse      [        2.5049576759         2.3225591183]       123.0806274414     0.35920801758766        109
   110       266.4025877233       -29.0072765211      3.845695761E-05       2.81244477E-05 (     4207.4307692308,     4073.0461538462)     0.24612425857686     0.20575250166985        107        51.8389968872        11.1371078491        72.1610031128     0.18754546344280        51.8389968872        11.1371078491        72.1610031128     0.18754546344280                  1.0                    0         5.4345440865         2.2793607712          0 ellipse      [        6.0428395271         4.8669466972]        16.8529491425     0.79307544231415        110
   111       266.4347317553       -29.0060166849      2.314259143E-05      2.398813522E-05 (     4001.7333333333,     4082.2666666667)     0.14807405554666     0.17554149029411         33        24.3017921448         7.0008635521        24.6982078552     0.10996054112911        24.3017921448         7.0008635521        24.6982078552     0.10996054112911                  1.0                    0         4.0203990936         2.3111026287          0 ellipse      [        2.4642825127         1.0233826637]        51.9075126648     0.22904656827450        111
   112       266.4200009275       -28.9888681079       4.78390217E-05      3.195996874E-05              (     4096.0,     4207.750)     0.30618621784834     0.23385358667292         37        11.0882406235         5.0006713867        13.9117593765     0.08194941282272        11.0882406235         5.0006713867        13.9117593765     0.08194941282272                  1.0                    0         2.2961452007         2.3453633785          0 ellipse      [        2.8279068470         1.6402568817]        28.9973087311     0.30609560012817        112
   113       266.4394194240       -28.9883542018      4.002456478E-05      4.310163203E-05      (     3971.7142857143,     4211.50)     0.25612041628574       0.315420030940         20         8.1758728027         3.7420268059         5.8241271973     0.05257580056787         8.1758728027         3.7420268059         5.8241271973     0.05257580056787                  1.0                    0         2.2940120697         2.4647819996          0 ellipse      [        3.6438641548         2.7428588867]       111.0445785522     0.42754620313644        113
   114       266.4412118582       -28.9832450105      7.238685134E-05      2.994195142E-05 (     3960.2352941176,     4248.8823529412)     0.46328678244117     0.21917076293539         56         17.834110260         5.8316254616         16.165889740     0.08864466100931         17.834110260         5.8316254616         16.165889740     0.08864466100931                  1.0                    0         3.4880664349         2.6036407948          0 ellipse      [        8.1605796814         3.7124257088]       172.4287414551     0.70467209815979        114
   115       266.4414519711       -28.9786715872      8.656952269E-05      3.400483967E-05 (     3958.6923076923,     4282.3461538462)     0.55408443263559     0.24891663305971         61        14.7976636887         5.0995554924        11.2023363113     0.07392241060734        14.7976636887         5.0995554924        11.2023363113     0.07392241060734                  1.0                    0         3.3199348450         2.7448492050          0 ellipse      [        8.4792308807         3.8001847267]       178.1931915283     0.68935167789459        115
   116       266.4211179102       -28.9763699378       4.84986802E-05      3.692487129E-05             (     4088.850,     4299.20)     0.31044323152537     0.27018512172253         63        19.9129409790         5.8315267563        14.0870580673     0.08187039196491        19.9129409790         5.8315267563        14.0870580673     0.08187039196491                  1.0                    0         4.1041617393         2.6150546074          0 ellipse      [        4.6599612236         2.9618003368]        35.5147972107     0.47355130314827        116
   117       266.4339044249       -28.9740732207      5.523833403E-05      4.831324822E-05                (     4007.0,     4316.0)     0.35355339059333     0.35355339059333         21         4.1562652588         2.6460194588         2.8437345028     0.03766134008765         4.1562652588         2.6460194588         2.8437345028     0.03766134008765                  1.0                    0         1.4353158474         2.7723031044          0 ellipse           [        2.5980761051         1.50]                 45.0     0.23736113309860        117
   118       266.4293739814       -28.9731228890      4.402114706E-05      3.802428935E-05       (     4036.0,     4322.9565217391)     0.28177133471354     0.27824905456964         72        23.5220355988         6.1650557518        14.4779634476     0.08895377814770        23.5220355988         6.1650557518        14.4779634476     0.08895377814770                  1.0                    0         4.7981610298         2.7578105927          0 ellipse      [        4.0539836884         4.0033068657]                180.0     0.48692798614502        118
