 
--------------------------------------------------------------------------------
Data for Table Block SRCLIST
--------------------------------------------------------------------------------
 
ROW    RA                   DEC                  RA_ERR               DEC_ERR              POS(X,Y)                                 X_ERR                Y_ERR                NPIXSOU    NET_COUNTS           NET_COUNTS_ERR       BKG_COUNTS           BKG_COUNTS_ERR       NET_RATE             NET_RATE_ERR         BKG_RATE             BKG_RATE_ERR         EXPTIME              EXPTIME_ERR          SRC_SIGNIFICANCE     PSF_SIZE             MULTI_CORREL_MAX SHAPE        R[2]                                     ROTANG               PSFRATIO             COMPONENT
 
     1       266.4217138861       -29.0362177745      5.346477059E-05      2.151144693E-05 (     4052.0714285714,     3920.2857142857)     0.34202705636926     0.15742090429148         55        13.4684610367         3.7416903973     0.53153848648071     0.01569017581642        13.4684610367         3.7416903973     0.53153848648071     0.01569017581642                  1.0                    0         6.3171396255         2.5181412697          0 ellipse      [        3.8527150154         1.7374786139]         5.3713331223     0.34248521924019          1
     2       266.3940190554       -29.0336587401      4.581379642E-05      4.185249066E-05              (     4229.250,     3939.0)     0.29315098498864     0.30618621784788         48         7.7447772026         2.8284466267     0.25522273778915     0.01052229851484         7.7447772026         2.8284466267     0.25522273778915     0.01052229851484                  1.0                    0         3.8673458099         2.5993359089          0 ellipse      [        2.7619509697         2.3041541576]       127.9818801880     0.32350432872772          2
     3       266.3980543695       -29.0233637455      4.464477161E-05      4.159187251E-05 (     4203.4444444444,     4014.3333333333)     0.28568978926978     0.30429030972482         75        17.0739822388         4.2426962852     0.92601794004440     0.02167769707739        17.0739822388         4.2426962852     0.92601794004440     0.02167769707739                  1.0                    0         7.4409046173         2.3809778690          0 ellipse      [        4.3430037498         3.0595004559]        50.3921470642     0.51032131910324          3
     4       266.4096532801       -29.0135461210      4.218437635E-05      3.262793491E-05 (     4129.2352941176,     4086.1764705882)     0.26994055176237     0.23872924997477         59        15.7149953842         4.1231746674         1.2850049734     0.02385926432908        15.7149953842         4.1231746674         1.2850049734     0.02385926432908                  1.0                    0         6.4763083458         2.2569973469          0 ellipse      [        3.5645310879         2.6763088703]       147.9946136475     0.45615983009338          4
     5       266.4168364153       -29.0085622273       8.36217049E-06      7.364323356E-06 (     4083.2710843373,     4122.6445783133)     0.05350964521722     0.05388622749069        161       354.7173767090        19.7235145569        34.2826194763     0.13051980733871       354.7173767090        19.7235145569        34.2826194763     0.13051980733871                  1.0                    0        51.2683601379         2.2220821381          0 ellipse      [        2.9690685272         2.9011120796]       126.1830673218     0.44026178121567          5
     6       266.4373631072       -29.0074753907      3.889750025E-05      5.208028804E-05 (     3951.9166666667,     4130.5833333333)     0.24883990093304     0.38112285372245         42         9.4715213776         3.4642760754         2.5284783840     0.03476765006781         9.4715213776         3.4642760754         2.5284783840     0.03476765006781                  1.0                    0         3.3698604107         2.3500647545          0 ellipse      [        4.2270541191         2.1229727268]        66.1729049683     0.42490321397781          6
     7       266.4207654498       -29.0039514723      3.481372784E-05      2.156726372E-05 (     4058.1269841270,     4156.3809523810)     0.22277941878474     0.15782052282339         83        54.7787590027         7.9374947548         8.2212400436     0.06184586510062        54.7787590027         7.9374947548         8.2212400436     0.06184586510062                  1.0                    0        13.7111339569         2.2337369919          0 ellipse      [        5.3433728218         3.7028913498]       170.4198455811     0.66378116607666          7
     8       266.3945336470       -29.0000388205      0.0001104913935      1.659180882E-08                (     4226.0,     4185.0)     0.70710678118667                    0         31         1.5653054714         1.4142831564     0.43469455838203     0.01402604207397         1.5653054714         1.4142831564     0.43469455838203     0.01402604207397                  1.0                    0     0.74951058626175         2.3772592545          0 ellipse            [        3.0      3.576278687E-07]                180.0      0.0001452374127          8
     9       266.4077642785       -28.9889701552        4.2523606E-05       2.21060148E-09       (     4141.3333333333,     4266.0)     0.27216552697610                    0         26         2.6984272003         1.7320902348     0.30157288908958     0.01169506181031         2.6984272003         1.7320902348     0.30157288908958     0.01169506181031                  1.0                    0         1.3322525024         2.3976726532          0 ellipse      [        1.4142135382      3.576278687E-07]       2.72550551E-08      9.886943008E-05          9
    10       266.3955843186       -29.0219739728      6.478405061E-05      5.918761704E-05             (     4219.250,     4024.50)     0.41457809879466     0.43301270189204         39         3.7219710350         2.0000336170     0.27802887558937     0.01160484459251         3.7219710350         2.0000336170     0.27802887558937     0.01160484459251                  1.0                    0         1.8481248617         2.3949255943          0 ellipse      [        3.1393389702         1.7555772066]       132.6181793213     0.32675015926361         10
    11       266.3860114899       -29.0218583849      6.107463463E-05      5.261603766E-05      (     4280.50,     4025.3333333333)     0.39086797998516     0.38490017945969         47         5.7459549904         2.4495151043     0.25404497981071     0.01112328097224         5.7459549904         2.4495151043     0.25404497981071     0.01112328097224                  1.0                    0         2.8700780869         2.5309357643          0 ellipse      [        3.1032562256         2.5728974342]       137.3818206787     0.37214970588684         11
    12       266.4158195770       -29.0057461648      4.123126274E-05      4.752925411E-05     (     4089.7777777778,     4143.250)     0.26384827497714     0.34777733404280         62        26.6572799683         6.0003762245         9.3427200317     0.06720352172852        26.6572799683         6.0003762245         9.3427200317     0.06720352172852                  1.0                    0         6.3820662498         2.2250523567          0 ellipse      [        6.2789030075         4.7242388725]        83.2385635376     0.81591767072678         12
    13       266.4352116155       -28.9934072027      4.746425566E-05      8.364906771E-05 (     3965.6666666667,     4233.5238095238)     0.30366867412249     0.61211890867980         89        15.8143053055         4.5828509331         5.1856951714     0.05021074786782        15.8143053055         4.5828509331         5.1856951714     0.05021074786782                  1.0                    0         4.6020936966         2.4155745506          0 ellipse      [        8.426191330         4.1526126862]        93.3574600220     0.81627160310745         13
