 
--------------------------------------------------------------------------------
Data for Table Block SRCLIST
--------------------------------------------------------------------------------
 
ROW    RA                   DEC                  RA_ERR               DEC_ERR              POS(X,Y)                                 X_ERR                Y_ERR                NPIXSOU    NET_COUNTS           NET_COUNTS_ERR       BKG_COUNTS           BKG_COUNTS_ERR       NET_RATE             NET_RATE_ERR         BKG_RATE             BKG_RATE_ERR         EXPTIME              EXPTIME_ERR          SRC_SIGNIFICANCE     PSF_SIZE             MULTI_CORREL_MAX SHAPE        R[2]                                     ROTANG               PSFRATIO             COMPONENT
 
     1       266.4217208219       -29.0362307291      2.245278995E-05      2.237656829E-05 (     4053.8857142857,     3920.7428571429)     0.14363055945523     0.16373910842185        109        71.1200485229         8.9445066452         8.8799543381     0.06482554972172        71.1200485229         8.9445066452         8.8799543381     0.06482554972172                  1.0                    0        17.3327541351         2.5190072060          0 ellipse      [        4.1226587296         3.5904083252]        99.2336883545     0.50910800695419          1
     2       266.4400084150       -29.0339384460      5.876188425E-05      3.083040612E-05      (     3936.8888888889,     3937.50)     0.37588487278117     0.22566773346216         50        14.6945371628         4.2428274155         3.3054633141     0.03982197493315        14.6945371628         4.2428274155         3.3054633141     0.03982197493315                  1.0                    0         4.8757214546         2.7205376625          0 ellipse      [        4.7842335701         2.8722813129]      2.353513651E-08     0.45419639348984          2
     3       266.3940382204       -29.0336411054      2.903969568E-05      2.291264237E-05 (     4230.9861111111,     3939.6805555556)     0.18581345969505     0.16762040642925        103        65.6041946411         8.4854583740         6.3958077431     0.05487745627761        65.6041946411         8.4854583740         6.3958077431     0.05487745627761                  1.0                    0        17.8604030609         2.5971844196          0 ellipse      [        5.3134679794         3.5138182640]       142.6028442383     0.55456781387329          3
     4       266.4346186468       -29.0324467907      3.896035633E-05      3.266632052E-05 (     3971.3684210526,     3948.4210526316)     0.24921512601532     0.23906314692977         64        18.1852684021         4.8992681503         5.8147306442     0.05319931730628        18.1852684021         4.8992681503         5.8147306442     0.05319931730628                  1.0                    0         5.1051054001         2.5609247684          0 ellipse      [        4.0489516258         1.9998352528]        43.0392990112     0.37038239836693          4
     5       266.4200557983       -29.0302750637       2.67523892E-05      3.012960873E-05 (     4064.5357142857,     3964.3214285714)     0.17114666446651     0.22046779711036         74        29.0141048431         6.1647591591         8.9858961105     0.06523969769478        29.0141048431         6.1647591591         8.9858961105     0.06523969769478                  1.0                    0         7.0418486595         2.4026257992          0 ellipse      [        3.7851483822         2.3027708530]       118.6805572510     0.40959951281548          5
     6       266.3900549687       -29.0278270598      4.061267708E-05      5.508376354E-05 (     4256.4782608696,     3982.2173913043)     0.25992266711910     0.40299690992697         71        18.6467323303         4.7960467339         4.3532681465     0.04541923478246        18.6467323303         4.7960467339         4.3532681465     0.04541923478246                  1.0                    0         5.7215385437         2.5395512581          0 ellipse      [        5.8440351486         3.6674621105]        99.2472534180     0.60766047239304          6
     7       266.4225250088       -29.0272402821      5.437457099E-05      5.123247049E-05 (     4048.7368421053,     3986.5263157895)     0.34786332578278     0.37489367691342         56        12.9694366455         4.3592243195         6.0305633545     0.05324842780828        12.9694366455         4.3592243195         6.0305633545     0.05324842780828                  1.0                    0         3.5986711979         2.3574407101          0 ellipse      [        4.9050812721         4.5459809303]        84.9228668213     0.66768997907639          7
     8       266.4363116063       -29.0263299619      6.386539229E-05      5.595963957E-05 (     3960.5294117647,     3993.1764705882)     0.40853902126355     0.40953424568897         54        12.2289075851           4.12337780         4.7710928917     0.04735589772463        12.2289075851           4.12337780         4.7710928917     0.04735589772463                  1.0                    0         3.6507463455         2.4711275101          0 ellipse      [        5.6718468666         4.3620390892]        45.2715339661     0.67095071077347          8
     9       266.4082919383       -29.0262644710      5.930738467E-05      5.416111018E-05      (     4139.80,     3993.6666666667)     0.37947331921987     0.39627898889194         46        10.7506265640         3.8732416630         4.2493739128     0.04473429918289        10.7506265640         3.8732416630         4.2493739128     0.04473429918289                  1.0                    0         3.3222699165         2.3493936062          0 ellipse      [        4.8421487808         4.1465163231]       126.8259124756     0.63574612140656          9
    10       266.3852579666       -29.0238683461      6.129756616E-05      4.290905174E-05 (     4287.1764705882,     4011.1764705882)     0.39227218604265     0.31386963239993         68        13.0207090378         4.1233301163         3.9792912006     0.04303308203816        13.0207090378         4.1233301163         3.9792912006     0.04303308203816                  1.0                    0         4.1014065742         2.5794575214          0 ellipse      [        4.8733878136         3.8556466103]       171.2271423340     0.56016302108765         10
    11       266.4063612735       -29.0236747025      4.762044796E-05      6.401650167E-05 (     4152.1538461538,     4012.6153846154)     0.30471936543472     0.46839094502138         53        10.1244440079         3.6057319641         2.8755557537     0.03608795255423        10.1244440079         3.6057319641         2.8755557537     0.03608795255423                  1.0                    0         3.4862716198         2.3358826637          0 ellipse      [        5.1650209427         3.1392841339]        75.8250503540     0.57461780309677         11
    12       266.3981392254       -29.0233494489      2.042747741E-05      2.335106557E-05 (     4204.7604166667,     4014.9895833333)     0.13072380605445     0.17084272818829         96        88.1474227905         9.7981510162         7.8525753021     0.06139237061143        88.1474227905         9.7981510162         7.8525753021     0.06139237061143                  1.0                    0        22.4121780396         2.3794727325          0 ellipse      [        5.0396285057         3.8189742565]        82.5852890015     0.61456900835037         12
    13       266.4163197644       -29.0233234543      3.079422686E-05      5.564360816E-05        (     4088.43750,     4015.18750)     0.19702375332690     0.40715044440003         35        10.8900108337         4.0002951622         5.1099891663     0.04858912900090        10.8900108337         4.0002951622         5.1099891663     0.04858912900090                  1.0                    0         3.1835236549         2.3130190372          0 ellipse      [        4.9180788994         2.2963967323]        97.4314117432     0.48430699110031         13
    14       266.3861665441       -29.0219474391      5.486559883E-05      4.978349019E-05 (     4281.3666666667,     4025.2333333333)     0.35113572346927     0.36418351092516         91        24.2361679077         5.4774837494         5.7638330460     0.05317430570722        24.2361679077         5.4774837494         5.7638330460     0.05317430570722                  1.0                    0         6.8228206635         2.5259480476          0 ellipse      [        6.6634011269         4.9698176384]       131.3256683350     0.75940340757370         14
    15       266.3957236661       -29.0219156721      4.071615086E-05       3.34817346E-05 (     4220.2173913043,     4025.4782608696)     0.26055431487202     0.24494561888196         56        18.7799243927         4.7960443497         4.2200756073     0.04517855122685        18.7799243927         4.7960443497         4.2200756073     0.04517855122685                  1.0                    0         5.8153581619         2.3878123760          0 ellipse      [        4.2606754303         2.8843083382]       139.7800445557     0.48937144875526         15
    16       266.4422192918       -29.0158687358      3.679660534E-05      5.421920881E-05 (     3922.7142857143,     4069.7142857143)     0.23535842029924     0.39678004275947         41        10.7121410370         3.7418618202         3.2878592014     0.03910743445158        10.7121410370         3.7418618202         3.2878592014     0.03910743445158                  1.0                    0         3.5595099926         2.4440920353          0 ellipse      [        4.4826307297         2.5927491188]        82.0273056030     0.46495178341866         16
    17       266.4060343818       -29.0153765616      9.591999549E-05      4.362256631E-05     (     4154.250,     4073.3333333333)     0.61378832761056     0.31914236925195         51         8.8813877106         3.4642968178         3.1186120510     0.03678599745035         8.8813877106         3.4642968178         3.1186120510     0.03678599745035                  1.0                    0         2.9935123920         2.2821626663          0 ellipse      [        6.5441637039         2.976814270]        14.5324220657      0.6446664929390         17
    18       266.4095798684       -29.0135422648      1.352758119E-05      1.117664091E-05 (     4131.5641025641,     4086.7564102564)     0.08656433002670     0.08177627937130        158       167.9131164551        14.1779947281        33.0868873596     0.12458991259336       167.9131164551        14.1779947281        33.0868873596     0.12458991259336                  1.0                    0        24.6317138672         2.2573292255          0 ellipse      [        3.2899920940         3.0142521858]        24.6914196014     0.46501937508583         18
    19       266.4226533436       -29.0130615992      2.423398058E-05      3.088935971E-05 (     4047.9090909091,     4090.2727272727)     0.15505506644058     0.22602965836631         20         5.8003702164         3.3169844151         5.1996297836     0.04884234070778         5.8003702164         3.3169844151         5.1996297836     0.04884234070778                  1.0                    0         1.6865530014         2.2447929382          0 ellipse      [        2.2768678665         1.5012958050]       101.9812469482     0.27453929185867         19
    20       266.3933196411       -29.0129682619      5.775939547E-05      6.024706351E-05 (     4235.6111111111,     4090.9444444444)     0.36967527366050     0.44076408279307         54        13.1877498627         4.2429137230         4.8122496605     0.04813096672297        13.1877498627         4.2429137230         4.8122496605     0.04813096672297                  1.0                    0          3.926746130         2.3630878925          0 ellipse      [        6.3957605362         3.5644574165]        54.6636657715     0.67350631952286         20
    21       266.4036586805       -29.0109367861      4.892820397E-05      4.701669247E-05 (     4169.4545454545,     4105.8181818182)     0.31312390761104     0.34399430393842         54        15.7768430710         4.6907181740         6.2231569290     0.05328331515193        15.7768430710         4.6907181740         6.2231569290     0.05328331515193                  1.0                    0         4.3334956169         2.2812681198          0 ellipse      [        5.1630134583         4.0232157707]        56.2786216736     0.66594862937927         21
    22       266.4242856210       -29.0105527209      2.643531064E-05      2.732597508E-05 (     4037.4629629630,     4108.6296296296)     0.16914406275828     0.19995935165844         42        32.5162315369         7.3491549492        21.4837665558     0.10039110481739        32.5162315369         7.3491549492        21.4837665558     0.10039110481739                  1.0                    0         5.6893610954         2.2424619198          0 ellipse      [        4.7348842621         3.30413270]        59.3622856140     0.58794552087784         22
    23       266.3986004226       -29.0096653376       2.97418751E-05      2.240507916E-05 (     4201.8235294118,     4115.1176470588)     0.19034287251816     0.16391306965124         66        20.1640586853         5.4776573181         9.8359403610     0.06877538561821        20.1640586853         5.4776573181         9.8359403610     0.06877538561821                  1.0                    0         4.7404646873         2.3121993542          0 ellipse      [        2.3594963551         2.0215725899]         7.3104372025     0.31485298275948         23
    24       266.4157743566       -29.0083184298      2.338482483E-05      1.624384645E-05 (     4091.9264705882,     4124.9803921569)     0.14964210305516     0.11885830404117         67       119.9444274902        14.2842864990        84.0555725098     0.20208516716957       119.9444274902        14.2842864990        84.0555725098     0.20208516716957                  1.0                    0        11.7488985062         2.2238545418          0 ellipse      [        6.8063941002         4.5523428917]        26.8250389099     0.83435022830963         24
    25       266.4168615306       -29.0078013004      1.159885966E-05      9.447987665E-06 (     4084.9694323144,     4128.7641921397)     0.07422206565616     0.06913274582530        187       556.9229125977        28.6029338837       261.0770568848     0.35748457908630       556.9229125977        28.6029338837       261.0770568848     0.35748457908630                  1.0                    0        32.4149131775         2.2225668430          0 ellipse      [        4.8422222137         4.3544297218]        23.9521389008     0.68867117166519         25
    26       266.4373891777       -29.0076132937      1.552834254E-05      1.192053568E-05 (     3953.6091954023,     4130.1264367816)     0.09935227116102     0.08724220874137         52        78.6824340820        10.1986351013        25.3175697327     0.11023801565170        78.6824340820        10.1986351013        25.3175697327     0.11023801565170                  1.0                    0        12.8868417740         2.3517818451          0 ellipse      [        2.8345618248         2.3777563572]       158.9978790283     0.36796656250954         26
    27       266.3928098204       -29.0064568611      5.309634355E-05      6.534874652E-05 (     4238.8823529412,     4138.5882352941)     0.33986743263904     0.47809752566445         98        22.9883880615         5.8313899040        11.0116119385     0.07147107273340        22.9883880615         5.8313899040        11.0116119385     0.07147107273340                  1.0                    0         5.1898140907         2.3708288670          0 ellipse      [        8.5037403107         5.7425661087]        75.7943267822     0.98250895738602         27
    28       266.4085819730       -29.0062460729      2.058183384E-05      1.466821545E-05 (     4137.9523809524,     4140.1428571429)     0.13171460980902     0.10732117520365         97        65.5170593262         9.5923061371        26.4829368591     0.11107902973890        65.5170593262         9.5923061371        26.4829368591     0.11107902973890                  1.0                    0        10.5357990265         2.2490551472          0 ellipse      [        3.2138698101         2.4573132992]       160.2018890381     0.41650769114494         28
    29       266.4157669523       -29.0062454295      1.349024836E-05      1.463657545E-05 (     4091.9737609329,     4140.1486880466)     0.08632710899428     0.10709740650054        201       559.5490112305        28.4450626373       249.4509887695     0.34868505597115       559.5490112305        28.4450626373       249.4509887695     0.34868505597115                  1.0                    0        33.2713508606         2.2252371311          0 ellipse      [        6.0430426598         4.6791601181]       105.9990081787     0.79655218124390         29
    30       266.3956044769       -29.0053174465      8.788164826E-05      3.773025039E-05       (     4221.0,     4146.9285714286)     0.56242913385813     0.27598221094468         30         9.9592037201         3.7419126034         4.0407967567     0.04370419308543         9.9592037201         3.7419126034         4.0407967567     0.04370419308543                  1.0                    0         3.1231930256         2.3453092575          0 ellipse      [        6.587205410         2.4622766972]       162.0795898438     0.57239741086960         30
    31       266.4207471732       -29.0039488069      2.044195156E-05      1.813964595E-05 (     4060.1031746032,     4156.9523809524)     0.13081010312226     0.13273540479804         53        82.3754577637        11.2258806229        43.6245460510     0.14283436536789        82.3754577637        11.2258806229        43.6245460510     0.14283436536789                  1.0                    0        10.7519798279         2.2333614826          0 ellipse      [        4.6017203331         4.2670779228]       129.4104919434     0.66137099266052         31
    32       266.3896050188       -29.0005597990      4.840111183E-05      5.685933957E-05      (     4259.40,     4181.7333333333)     0.30983866769657     0.41597720735263         45        10.8354387283         3.8732326031         4.1645607948     0.04394424334168        10.8354387283         3.8732326031         4.1645607948     0.04394424334168                  1.0                    0         3.3683059216          2.426336050          0 ellipse      [        4.9281635284         3.4688911438]       105.9630432129     0.56802266836166         32
    33       266.4468024429       -29.0000762301      3.150231936E-05      3.823455458E-05 (     3893.3571428571,     4185.2619047619)     0.20152881827062     0.27981919131707         57        27.3356018066         6.4812760353        14.6643972397     0.08329004794359        27.3356018066         6.4812760353        14.6643972397     0.08329004794359                  1.0                    0         5.5491170883         2.5970108509          0 ellipse      [        5.4810333252         3.8609914780]        99.8710861206     0.59045338630676         33
    34       266.3827463266       -29.0000234571      3.379908833E-05      3.204650359E-05 (     4303.2941176471,     4185.6470588235)     0.21636675710579     0.23442746970159         40        12.8068819046         4.1233563423         4.1931176186     0.04548941925168        12.8068819046         4.1233563423         4.1931176186     0.04548941925168                  1.0                    0         3.9732053280         2.5880444050          0 ellipse      [        3.0996770859         2.4419124126]       125.0084457397     0.35434824228287         34
    35       266.4367338638       -28.9982664832      4.090386597E-05      3.658064041E-05 (     3957.7901234568,     4198.5185185185)     0.26172609443574     0.26771120933881         76        36.4149627686         9.0011787415        44.5850372314     0.14564813673496        36.4149627686         9.0011787415        44.5850372314     0.14564813673496                  1.0                    0         4.7089557648         2.3787953854          0 ellipse      [        7.3609805107         6.9281873703]        55.9667854309         1.0006893873         35
    36       266.4233234220       -28.9979692117      2.420045683E-05      2.348146676E-05 (     4043.6136363636,     4200.7045454545)     0.15486567456992     0.17182643515116         73        38.3607559204         8.3075084686        30.6392440796     0.12120784074068        38.3607559204         8.3075084686        30.6392440796     0.12120784074068                  1.0                    0         5.8099379539         2.2714428902          0 ellipse      [        3.5932624340         2.8770670891]        59.1309127808     0.47184178233147         36
    37       266.4324037260        -28.996418520       3.04453232E-05      2.685902823E-05      (     3985.50,     4212.0447761194)     0.19481757436142     0.19655806131595         91        76.4458694458        11.5770473480        57.5541305542     0.16739274561405        76.4458694458        11.5770473480        57.5541305542     0.16739274561405                  1.0                    0         8.8522930145         2.3449051380          0 ellipse      [        7.2232160568         6.3396716118]       133.0345306396     0.96194922924042         37
    38       266.4472356330       -28.9951201720      3.783842106E-05      3.549392167E-05          (     3890.5750,     4221.5250)     0.24209373184794     0.25977754906853         63        30.7770767212         6.3249096870         9.2229223251     0.06695862114429        30.7770767212         6.3249096870         9.2229223251     0.06695862114429                  1.0                    0         7.4019064903          2.674662590          0 ellipse      [        4.9798932076         4.5381064415]       110.2757034302     0.59245735406876         38
    39       266.3926297943       -28.9933237159      5.261136801E-05      5.291763735E-05 (     4240.0526315789,     4234.6842105263)     0.33679016219958     0.38713831537279         49        12.2649812698         4.3592667580         6.7350187302     0.05663873627782        12.2649812698         4.3592667580         6.7350187302     0.05663873627782                  1.0                    0         3.2830266953         2.4749174118          0 ellipse      [        5.5934553146         3.7065062523]        55.4018745422     0.61325412988663         39
    40       266.4353167993       -28.9930512564      2.792857492E-05      2.968758108E-05 (     3966.8524590164,     4236.6803278689)     0.17870812463843     0.21725684479225        140        97.7260971069        12.3298673630        54.2739028931     0.16005645692348        97.7260971069        12.3298673630        54.2739028931     0.16005645692348                  1.0                    0        11.6094446182         2.4199881554          0 ellipse      [        7.3212900162         5.7698602676]       107.1956176758     0.89524507522583         40
    41       266.4145374502       -28.9929731201      7.099269254E-05      3.918997173E-05 (     4099.8421052632,     4237.2631578947)     0.45436118678845     0.28675377938180         44        11.3013811111         4.3593130112         7.6986184120     0.06006652489305        11.3013811111         4.3593130112         7.6986184120     0.06006652489305                  1.0                    0         2.8928568363         2.3252806664          0 ellipse      [        5.9937157631         3.6658222675]         9.5790691376     0.67195028066635         41
    42       266.3888990210       -28.9885990549      5.429870185E-05      6.335720188E-05          (     4263.93750,     4269.250)     0.34763430408293     0.46351240544391         56        11.4798297882         4.0002727509         4.5201702118     0.04669826105237        11.4798297882         4.0002727509         4.5201702118     0.04669826105237                  1.0                    0         3.4832909107         2.6302514076          0 ellipse      [        5.5778164864         4.1506395340]             96.43750     0.60977709293365         42
    43       266.4344864463       -28.9884800561      5.526431022E-05      4.818190551E-05 (     3972.1612903226,     4270.1290322581)     0.35365425243799     0.35260863886742         50        17.4207401276         5.5683484077        13.5792598724     0.08063612878323        17.4207401276         5.5683484077        13.5792598724     0.08063612878323                  1.0                    0         3.6403932571         2.5190865993          0 ellipse      [        6.5371460915         5.1816492081]        44.6284103394     0.77012950181961         43
    44       266.4086711514       -28.9880889358      5.775630808E-05      3.037310714E-05       (     4137.3888888889,     4273.0)     0.36967527366050     0.22222222222263         40        12.9947757721         4.2429180145         5.0052242279     0.04852453991771        12.9947757721         4.2429180145         5.0052242279     0.04852453991771                  1.0                    0         3.8231120110         2.4091823101          0 ellipse      [        5.1112699509         2.0034496784]       154.8751373291     0.44275420904160         44
    45       266.4116614848       -28.9860732111      5.073838474E-05      3.521947164E-05            (     4118.250,     4287.750)     0.32475952641926     0.25769410160137         33        12.1892786026         4.0002212524         3.8107218742     0.04206079244614        12.1892786026         4.0002212524         3.8107218742     0.04206079244614                  1.0                    0         3.8874020576         2.4495882988          0 ellipse      [        3.9970936775         2.9619660378]       160.6700897217     0.46821770071983         45
    46       266.4178849169       -28.9852873911      5.028574668E-05      3.777162112E-05      (     4078.4166666667,     4293.50)     0.32185083961849     0.27638539919644         28         7.9682440758         3.4643750191         4.0317559242     0.04353119060397         7.9682440758         3.4643750191         4.0317559242     0.04353119060397                  1.0                    0         2.5004510880         2.4624814987          0 ellipse      [        4.0324630737         1.7823420763]        38.5129470825     0.36289960145950         46
    47       266.4161044605       -28.9837627295      2.964793487E-05      2.308548924E-05       (     4089.81250,     4304.656250)     0.18976496564846     0.16891990867498         51        30.5982685089         6.0830178261         6.4017305374     0.05574988201261        30.5982685089         6.0830178261         6.4017305374     0.05574988201261                  1.0                    0         8.3277091980         2.5079534054          0 ellipse      [        3.2430567741         2.8410298824]       165.8426513672     0.40343582630157         47
    48       266.4174942857       -28.9835562880      5.028499453E-05      4.786856652E-05 (     4080.9166666667,     4306.1666666667)     0.32185083961849     0.35026445035874         31         8.3257751465         3.4643454552         3.6742243767     0.04110637679696         8.3257751465         3.4643454552         3.6742243767     0.04110637679696                  1.0                    0         2.6828055382          2.512991190          0 ellipse      [        4.2061600685         2.5972516537]        50.4304084778     0.43841731548309         48
    49       266.4309515126       -28.9834756536      2.524748066E-05      2.239346695E-05         (     3994.781250,     4306.750)     0.16157904593729     0.16387638252672         73        55.7022666931         8.0002489090         8.2977323532     0.06308764219284        55.7022666931         8.0002489090         8.2977323532     0.06308764219284                  1.0                    0        13.8979625702         2.6065392494          0 ellipse      [        4.2099595070         3.5753428936]        47.5003204346     0.49614918231964         49
    50       266.4308955604       -29.0374353345       5.89252549E-05       4.57710095E-05 (     3995.1923076923,     3911.9230769231)     0.37692005795179     0.33496037442501         70        21.0354747772         5.0992527008         4.9645242691     0.04878843575716        21.0354747772         5.0992527008         4.9645242691     0.04878843575716                  1.0                    0         6.2042269707         2.6417908669          0 ellipse      [        5.8603377342         5.0154719353]       159.7623901367     0.68406528234482         50
    51       266.3991253359       -29.0127459661      5.115428894E-05      7.252662854E-05 (     4198.4615384615,     4092.5769230769)     0.32740132092476     0.53063843684777         77        17.5925083160         5.0994195938         8.4074926376     0.06386751681566        17.5925083160         5.0994195938         8.4074926376     0.06386751681566                  1.0                    0         4.3695774078         2.3118588924          0 ellipse      [        8.1179876328         5.0070128441]        88.9909667969     0.91924434900284         51
    52       266.4144736052       -29.0127915841      3.255769047E-05      2.847236739E-05            (     4100.250,     4092.250)     0.20833333333303     0.20833333333348         94        32.4603767395         8.7761726379        44.5396232605     0.14564310014248        32.4603767395         8.7761726379        44.5396232605     0.14564310014248                  1.0                    0         4.1994051933         2.2409090996          0 ellipse      [        2.2912878990         2.0310096741]        53.1301040649     0.32088565826416         52
    53       266.4145323825       -29.0090066171      2.485404394E-05      2.258863669E-05 (     4099.8740157480,     4119.9448818898)     0.15904425237113     0.16528198140259        144       121.7109832764        16.2193756104       141.2890167236     0.26105409860611       121.7109832764        16.2193756104       141.2890167236     0.26105409860611                  1.0                    0         9.4218044281         2.2282516956          0 ellipse      [        5.7115106583         5.2455263138]        58.4645462036     0.81881260871887         53
    54       266.4170172461       -29.0015336546      4.208098363E-05      3.535160869E-05    (     4083.9722222222,     4174.6250)     0.26929565065620     0.25867472961363         61        37.3614311218         8.4862442017        34.6385688782     0.12786099314690        37.3614311218         8.4862442017        34.6385688782     0.12786099314690                  1.0                    0         5.3766508102          2.243101120          0 ellipse      [        8.5886697769         4.0727357864]        43.1781921387     0.87889295816422         54
    55       266.4301019536       -29.0009590325      3.057078391E-05      2.601012461E-05 (     4000.2352941176,     4178.8235294118)     0.19561652629909     0.19034287251816         95        51.4447059631        11.0468826294        70.5552902222     0.18334685266018        51.4447059631        11.0468826294        70.5552902222     0.18334685266018                  1.0                    0         5.4472007751         2.2862732410          0 ellipse      [        2.7689473629         1.9315421581]        42.7311134338     0.33717864751816         55
    56       266.4075105974       -28.9853306947      3.924716771E-05       2.94986185E-05 (     4144.8181818182,     4293.1818181818)     0.25121791989386     0.21582751830101         59        22.9171352386         5.5681152344         8.0828638077     0.06251230835915        22.9171352386         5.5681152344         8.0828638077     0.06251230835915                  1.0                    0         5.7696518898         2.4873411655          0 ellipse      [        2.6102304459         2.0115170479]        26.8730812073     0.30707514286041         56
    57       266.4365247284       -28.9851566422      5.067609504E-05      4.656718633E-05 (     3959.1111111111,     4294.4444444444)     0.32429445769276     0.34079441337872         91        27.1653137207         6.3250508308        12.8346862793     0.07916177064180        27.1653137207         6.3250508308        12.8346862793     0.07916177064180                  1.0                    0         5.7974424362         2.6370182037          0 ellipse      [        5.4744949341         4.8793115616]       122.1794967651     0.65330642461777         57
    58       266.4238309123       -28.9820168988      4.616052303E-05      5.320993256E-05 (     4040.3571428571,     4317.4285714286)     0.29543415697572     0.38936293935421         58        20.1876850128         5.2918796539         7.8123140335     0.06316076219082        20.1876850128         5.2918796539         7.8123140335     0.06316076219082                  1.0                    0         5.1418619156         2.5914301872          0 ellipse      [        6.3105506897         4.5139703751]        73.2300109863     0.68651849031448         58
    59       266.4250394558       -28.9806521684      6.438930365E-05      6.747570433E-05 (     4032.6206896552,     4327.4137931034)     0.41210515813736     0.49375948975194         82        20.3758602142         5.3856382370         8.6241397858     0.07140229642391        20.3758602142         5.3856382370         8.6241397858     0.07140229642391                  1.0                    0         5.0165576935         2.6243431568          0 ellipse      [        8.6662969589         5.7317090034]        58.5940437317     0.89519363641739         59
    60       266.4388136156       -29.0378651991      6.933276541E-05       7.60207839E-05 (     3944.5384615385,     3908.7692307692)     0.44343181053728     0.55633890052241         72        10.6405191422         3.6057155132         2.3594806194     0.03441425412893        10.6405191422         3.6057155132         2.3594806194     0.03441425412893                  1.0                    0         3.8505563736         2.7941408157          0 ellipse      [        6.1612286568         4.6106610298]       108.8734054565     0.63583689928055         60
    61       266.4275795922       -29.0102740607      3.992144804E-05      4.657371196E-05 (     4016.3846153846,     4110.6666666667)     0.25542215926134     0.34081029123718         48        17.7330703735         6.2458033562        21.2669296265     0.10028906166553        17.7330703735         6.2458033562        21.2669296265     0.10028906166553                  1.0                    0         3.1153173447         2.2603659630          0 ellipse      [        6.4355521202         4.7172355652]        79.4113845825     0.81252485513687         61
    62       266.4355347271       -29.0099769782      5.370067265E-05      4.247817583E-05 (     3965.4791666667,     4112.8333333333)     0.34357897681639     0.31087540674434         76        19.6345062256         6.9291901588        28.3654937744     0.11695045977831        19.6345062256         6.9291901588        28.3654937744     0.11695045977831                  1.0                    0         3.0698690414         2.3190784454          0 ellipse      [        8.1027297974         5.2049841881]        38.0635223389      0.9334449172020         62
    63       266.4292832824       -29.0052726845      3.249729991E-05      4.395048563E-05 (     4005.4782608696,     4147.2608695652)     0.20792232271333     0.32161393364549         38        17.3905677795         6.7833385468        28.6094322205     0.11697337776423        17.3905677795         6.7833385468        28.6094322205     0.11697337776423                  1.0                    0         2.7094717026         2.2716498375          0 ellipse      [        7.132355690         3.1384277344]        63.7082290649     0.69424045085907         63
    64       266.4429700944       -29.0011010747      4.106382755E-05      4.947312863E-05 (     3917.8846153846,     4177.7692307692)     0.26270623387427     0.36206055717867         35        11.4957704544         5.0996928215        14.5042295456     0.08286918699741        11.4957704544         5.0996928215        14.5042295456     0.08286918699741                  1.0                    0         2.3433656693         2.4784107208          0 ellipse      [        5.6747279167         3.8237974644]        72.8541183472     0.62650626897812         64
    65       266.4395021186       -28.9983520602      4.477933356E-05      2.892209201E-05 (     3940.0740740741,     4197.8888888889)     0.28653325408277     0.21168429875888         48        15.0914516449         6.2459053993        23.9085483551     0.10645119100809        15.0914516449         6.2459053993        23.9085483551     0.10645119100809                  1.0                    0         2.5296874046         2.4091804028          0 ellipse      [        4.4770817757         3.2856118679]       174.2250366211     0.53065842390060         65
    66       266.4389073768       -28.9879170730      5.918185053E-05      6.552642617E-05 (     3943.8648648649,     4274.2432432432)     0.37869130334821     0.47953807424801         91        19.4213275909         6.0834512711        17.5786724091     0.09154500067234        19.4213275909         6.0834512711        17.5786724091     0.09154500067234                  1.0                    0         3.6774461269         2.6041233540          0 ellipse      [        9.0905342102         6.4569611549]       112.6300964355     0.98067700862885         66
