 
--------------------------------------------------------------------------------
Data for Table Block SRCLIST
--------------------------------------------------------------------------------
 
ROW    RA                   DEC                  RA_ERR               DEC_ERR              POS(X,Y)                                 X_ERR                Y_ERR                NPIXSOU    NET_COUNTS           NET_COUNTS_ERR       BKG_COUNTS           BKG_COUNTS_ERR       NET_RATE             NET_RATE_ERR         BKG_RATE             BKG_RATE_ERR         EXPTIME              EXPTIME_ERR          SRC_SIGNIFICANCE     PSF_SIZE             MULTI_CORREL_MAX SHAPE        R[2]                                     ROTANG               PSFRATIO             COMPONENT
 
     1       266.3982131446       -29.0233602132      1.886891715E-05      1.953454664E-05 (     4227.6060606061,     3951.1515151515)     0.12075211150204     0.14291477178676         63        34.2321472168         5.9161114693     0.76785278320312     0.01934675686061        34.2321472168         5.9161114693     0.76785278320312     0.01934675686061                  1.0                    0        15.3369035721         2.4423620701          0 ellipse      [        2.4629566669         2.0809948444]        90.2728271484     0.30898156762123          1
     2       266.4042475612       -29.0195550348      5.525613489E-05      5.925556934E-09                (     4189.0,     3979.0)     0.35355339059333                    0         31         3.4938168526         2.0000629425     0.50618308782578     0.01587370969355         3.4938168526         2.0000629425     0.50618308782578     0.01587370969355                  1.0                    0         1.6474084854         2.3247776031          0 ellipse      [        2.1213202477      3.576278687E-07]      2.350313366E-08      0.0001248866902          2
     3       266.4159331846       -29.0056602766      4.073911077E-05      3.643938394E-05 (     4114.2325581395,     4080.6744186047)     0.26070837747920     0.26662348038917         68        33.9068489075         6.5577731133         9.0931510925     0.06623302400112        33.9068489075         6.5577731133         9.0931510925     0.06623302400112                  1.0                    0         8.1952476501         2.2246584892          0 ellipse      [        5.5938425064         4.7459416389]       131.0429229736     0.77202558517456          3
     4       266.4218695379       -29.0361835460      7.842922128E-05      5.881013427E-05     (     4076.250,     3857.3333333333)     0.50173310744958     0.43033148291170         83        11.2596235275         3.4641757011     0.74037677049637     0.02264937572181        11.2596235275         3.4641757011     0.74037677049637     0.02264937572181                  1.0                    0         5.0700526237         2.6309819221          0 ellipse      [        5.4178094864         4.2231316566]       154.3056335449     0.60602432489395          4
     5       266.4169117529       -29.0079228119      4.350563171E-05      4.916972249E-05 (     4107.9701492537,     4064.1194029851)     0.27840534133702     0.35977418480206        114        47.5409965515         8.1859397888        19.4590015411     0.09803028404713        47.5409965515         8.1859397888        19.4590015411     0.09803028404713                  1.0                    0         8.6509866714         2.2230055332          0 ellipse      [        8.8371353149         6.8333067894]        92.1494140625         1.1652239561          5
