 
--------------------------------------------------------------------------------
Data for Table Block SRCLIST
--------------------------------------------------------------------------------
 
ROW    RA                   DEC                  RA_ERR               DEC_ERR              POS(X,Y)                                 X_ERR                Y_ERR                NPIXSOU    NET_COUNTS           NET_COUNTS_ERR       BKG_COUNTS           BKG_COUNTS_ERR       NET_RATE             NET_RATE_ERR         BKG_RATE             BKG_RATE_ERR         EXPTIME              EXPTIME_ERR          SRC_SIGNIFICANCE     PSF_SIZE             MULTI_CORREL_MAX SHAPE        R[2]                                     ROTANG               PSFRATIO             COMPONENT
 
     1       266.4275526003       -29.0349418271      7.129392111E-05       7.12727238E-05              (     4049.40,     3872.80)     0.45607017003977     0.52153619241608         47         4.6998381615         2.2360999584     0.30016180872917     0.01195772364736         4.6998381615         2.2360999584     0.30016180872917     0.01195772364736                  1.0                    0         2.3211667538         2.5851345062          0 ellipse      [        3.9618844986         2.4297058582]       126.4486389160     0.40005835890770          1
     2       266.3984953948       -29.0261237152      7.944157517E-06      6.652818634E-06 (     4235.3051118211,     3937.3115015974)     0.05083597309476     0.04866982978274        220       642.5731201172        25.7684040070        21.4268512726     0.10335020720959       642.5731201172        25.7684040070        21.4268512726     0.10335020720959                  1.0                    0       112.5498657227         2.5145463943          0 ellipse      [        3.8281483650         3.6401586533]        15.0608882904     0.49485006928444          2
     3       266.4016715408       -29.0121755113       3.90595556E-05      5.368890029E-05             (     4215.0,     4039.3750)                0.250     0.39280640906190         38         7.0062007904         2.8285093307     0.99379938840866     0.02155057713389         7.0062007904         2.8285093307     0.99379938840866     0.02155057713389                  1.0                    0         3.0192244053         2.2895343304          0 ellipse      [        3.5395200253         1.7553272247]       112.8015441895     0.36289653182030          3
     4       266.4068848075       -29.0096941612      2.758140812E-05      2.886408588E-05 (     4181.6428571429,     4057.5357142857)     0.17651881522488     0.21118073588059         60        26.0824718475         5.2915878296         1.9175286293     0.03005759976804        26.0824718475         5.2915878296         1.9175286293     0.03005759976804                  1.0                    0         9.9050226212         2.2502729893          0 ellipse      [        3.7346625328         2.2677867413]       123.6900711060     0.43109238147736          4
     5       266.4169291004       -29.0078693760      3.051771068E-05      2.362500599E-05 (     4117.3692307692,     4070.8923076923)     0.19529280795086     0.17286048267988        117        69.0152511597         9.3278465271        17.9847469330     0.09335545450449        69.0152511597         9.3278465271        17.9847469330     0.09335545450449                  1.0                    0        12.9524250031         2.2228868008          0 ellipse      [        5.0877809525         3.7291016579]        33.1077194214     0.65317225456238          5
     6       266.4035210356       -29.0108147801      9.539411519E-05      5.178638142E-05 (     4203.1666666667,     4049.3333333333)     0.61047947155112     0.37883838047173         65         9.4978466034         3.4642784595         2.5021533966     0.03500771522522         9.4978466034         3.4642784595         2.5021533966     0.03500771522522                  1.0                    0         3.3880069256         2.2675716877          0 ellipse      [        6.5488944054         3.5863609314]        17.2419776917     0.71240788698196          6
     7       266.4157640790       -29.0056782082      4.092927185E-05      5.432258637E-05          (     4124.8250,     4086.9250)     0.26193391342076     0.39747248332424         78        30.5446720123         6.3249158859         9.4553289413     0.06754245609045        30.5446720123         6.3249158859         9.4553289413     0.06754245609045                  1.0                    0         7.2819414139         2.2208034992          0 ellipse      [        7.7768349648         4.5928840637]        72.3900222778     0.89704203605652          7
     8       266.4178210557       -28.9723669022      0.0001124879303      3.719796169E-05 (     4111.6666666667,     4330.6666666667)     0.72008229982293     0.27216552697519         34         2.7435879707         1.7320966721     0.25641205906868     0.01260421238840         2.7435879707         1.7320966721     0.25641205906868     0.01260421238840                  1.0                    0         1.3696019650         2.7649614811          0 ellipse      [        3.7527008057         1.3846434355]       175.2688446045     0.27480876445770          8
