 
--------------------------------------------------------------------------------
Data for Table Block SRCLIST
--------------------------------------------------------------------------------
 
ROW    RA                   DEC                  RA_ERR               DEC_ERR              POS(X,Y)                                 X_ERR                Y_ERR                NPIXSOU    NET_COUNTS           NET_COUNTS_ERR       BKG_COUNTS           BKG_COUNTS_ERR       NET_RATE             NET_RATE_ERR         BKG_RATE             BKG_RATE_ERR         EXPTIME              EXPTIME_ERR          SRC_SIGNIFICANCE     PSF_SIZE             MULTI_CORREL_MAX SHAPE        R[2]                                     ROTANG               PSFRATIO             COMPONENT
 
     1       266.4068855637       -29.0096484712       6.17692196E-05      3.363291194E-05             (     4157.0,     4116.6250)     0.39528470752066     0.24606274606322         38         6.7123880386         2.8285381794         1.2876117229     0.02506479062140         6.7123880386         2.8285381794         1.2876117229     0.02506479062140                  1.0                    0         2.7652020454         2.2601838112          0 ellipse      [        3.4524803162         1.9208731651]        16.5734977722     0.37979561090469          1
     2       266.4169436450        -29.007955570      3.623277905E-05      4.798724052E-05 (     4092.6376811594,     4129.0144927536)     0.23185780149606     0.35112730126639        112        51.2163505554         8.3071479797        17.7836494446     0.09334094822407        51.2163505554         8.3071479797        17.7836494446     0.09334094822407                  1.0                    0         9.6542224884         2.2225000858          0 ellipse      [        8.7709779739         5.7460432053]        95.2433166504         1.0647444725          2
     3       266.4157589576       -29.0062897904       6.01533776E-05      3.939621343E-05     (     4100.218750,     4141.2031250)     0.38493908685086     0.28826298849708        126        45.6990280151         8.0005569458        18.3009719849     0.09443984180689        45.6990280151         8.0005569458        18.3009719849     0.09443984180689                  1.0                    0         8.5184020996         2.2247939110          0 ellipse      [        9.2500648499         6.9028930664]         4.2996163368         1.1972280741          3
     4       266.4231874019       -29.0055035907      5.445894953E-05      7.162668309E-05 (     4052.6818181818,     4146.9545454545)     0.34846987631045     0.52411780553575         71        14.5465316772         4.6907954216         7.4534678459     0.05968755483627        14.5465316772         4.6907954216         7.4534678459     0.05968755483627                  1.0                    0         3.7644650936         2.2358939648          0 ellipse      [        8.0287981033         3.7379529476]       116.5270690918     0.81671345233917          4
     5       266.3941910355       -29.0337310678       7.90697427E-05       8.01700473E-05              (     4238.20,     3940.40)     0.50596442562710     0.58651513194445         89         9.2897672653         3.1623313427     0.71023303270340     0.01842618547380         9.2897672653         3.1623313427     0.71023303270340     0.01842618547380                  1.0                    0         4.2065582275         2.5954685211          0 ellipse      [        5.6060161591         4.7510614395]        76.7174758911     0.66280454397202          5
     6       266.3891041280       -29.0004381407       9.26976067E-05      3.867388306E-05               (     4270.80,     4184.0)     0.59329587896718     0.28284271247503         37         4.5660896301         2.2361118793     0.43391016125679     0.01402907911688         4.5660896301         2.2361118793     0.43391016125679     0.01402907911688                  1.0                    0         2.1867446899         2.4521324635          0 ellipse      [        4.0123829842         1.8277810812]         8.1947698593     0.36812734603882          6
     7       266.3897587245       -28.9918282722      7.272547725E-05      9.665223217E-05             (     4266.6250,     4247.0)     0.46561451330490     0.70710678118667         74         6.9046096802         2.8285250664         1.0953902006     0.02355086803436         6.9046096802         2.8285250664         1.0953902006     0.02355086803436                  1.0                    0         2.9276032448         2.5782871246          0 ellipse      [        6.0204091072         3.9197003841]        96.2225494385     0.62803941965103          7
     8       266.4202216358       -29.0303556438      0.0001228063928      5.859026234E-05 (     4071.6666666667,     3965.1111111111)     0.78567420131867     0.42873470010318         74         8.1641273499         3.0000665188     0.83587288856506     0.01997644267976         8.1641273499         3.0000665188     0.83587288856506     0.01997644267976                  1.0                    0         3.6135418415         2.3989949226          0 ellipse      [        7.5574541092         2.788148880]        22.3175315857     0.63781565427780          8
