 
--------------------------------------------------------------------------------
Data for Table Block SRCLIST
--------------------------------------------------------------------------------
 
ROW    RA                   DEC                  RA_ERR               DEC_ERR              POS(X,Y)                                 X_ERR                Y_ERR                NPIXSOU    NET_COUNTS           NET_COUNTS_ERR       BKG_COUNTS           BKG_COUNTS_ERR       NET_RATE             NET_RATE_ERR         BKG_RATE             BKG_RATE_ERR         EXPTIME              EXPTIME_ERR          SRC_SIGNIFICANCE     PSF_SIZE             MULTI_CORREL_MAX SHAPE        R[2]                                     ROTANG               PSFRATIO             COMPONENT
 
     1       266.4114890350       -29.0261112952      3.774117408E-05      1.807631004E-05 (     4114.1428571429,     3991.8571428571)     0.24147264420844     0.13226001425346         37         6.3685550690         2.6458070278     0.63144481182098     0.01717095077038         6.3685550690         2.6458070278     0.63144481182098     0.01717095077038                  1.0                    0         2.9276018143         2.3469634056          0 ellipse      [        2.0201833248     0.83328831195831]       159.6993560791     0.18427459895611          1
     2       266.3981023593       -29.0233293642      4.349878157E-05      2.528685253E-05 (     4199.7941176471,     4012.2058823529)     0.27833977569662     0.18498766331595         94        33.1691246033         5.8309893608     0.83087587356567     0.02085557393730        33.1691246033         5.8309893608     0.83087587356567     0.02085557393730                  1.0                    0        14.6939706802         2.3826766014          0 ellipse      [        5.1347498894         2.7950928211]       157.7550201416     0.52999454736710          2
     3       266.3957651197       -29.0218197019       3.38327722E-05      2.959383346E-05            (     4214.750,     4023.250)     0.21650635094647     0.21650635094602         30         3.8367016315         2.0000174046     0.16329835355282     0.00834401790053         3.8367016315         2.0000174046     0.16329835355282     0.00834401790053                  1.0                    0         1.9618384838         2.3915808201          0 ellipse           [        1.50         1.0606601238]                 45.0     0.17580346763134          3
     4       266.4245819890       -29.0105114045      3.635323174E-05      6.574013442E-05       (     4030.3636363636,     4106.0)     0.23258259966042     0.48104569292082         41         8.5526704788         3.3168036938         2.4473295212     0.03445078805089         8.5526704788         3.3168036938         2.4473295212     0.03445078805089                  1.0                    0         3.0675537586         2.2437534332          0 ellipse      [        4.7903175354         2.3059313297]        87.3371276855     0.49375209212303          4
     5       266.4169389282       -29.0078826770      3.261901077E-05      2.727746662E-05 (     4079.2711864407,     4125.2372881356)     0.20873004668692     0.19959594785996        136        58.5480766296         9.0560178757        23.4519233704     0.10704547911882        58.5480766296         9.0560178757        23.4519233704     0.10704547911882                  1.0                    0         9.8906383514         2.2225894928          0 ellipse      [        5.3392214775         3.9726200104]        40.5233688354     0.69071197509766          5
     6       266.4229685113       -29.0057438041      6.996559193E-05      4.123519527E-05 (     4040.6857142857,     4140.8857142857)     0.44770877664860     0.30175386258725         88        26.1209220886         5.9164395332         8.8790788651     0.06522897630930        26.1209220886         5.9164395332         8.8790788651     0.06522897630930                  1.0                    0         6.3661808968         2.2333147526          0 ellipse      [        8.6615571976         4.0987153053]       153.1428527832     0.88930487632751          6
     7       266.4158531981       -29.0058096028      2.989233332E-05      3.355186158E-05      (     4086.218750,     4140.406250)     0.19128663354195     0.24550400566386         86        38.5321846008         7.2115550041        13.4678163528     0.08078531920910        38.5321846008         7.2115550041        13.4678163528     0.08078531920910                  1.0                    0         8.0769224167         2.2252428532          0 ellipse      [        4.1727571487         3.2379903793]        84.9581069946     0.55061835050583          7
     8       266.4169702705       -29.0016189319      2.359190597E-05      1.618295486E-05 (     4079.0695652174,     4171.0695652174)     0.15097502347589     0.11841533335246        113       105.0788116455        10.7240285873         9.9211893082     0.06919284909964       105.0788116455        10.7240285873         9.9211893082     0.06919284909964                  1.0                    0        24.6277770996         2.2412335873          0 ellipse      [        4.8572483063         3.8093743324]       179.2313690186     0.63975489139557          8
     9       266.4321835045       -28.9964580608      6.598688032E-05      4.436786072E-05 (     3981.7058823529,     4208.8235294118)     0.42225876290968     0.32470688530975         57        13.1905078888         4.1233305931         3.8094918728     0.04305679723620        13.1905078888         4.1233305931         3.8094918728     0.04305679723620                  1.0                    0         4.2071003914         2.3459053040          0 ellipse      [        5.2773466110         3.9447913170]       167.5617218018     0.64831799268723          9
    10       266.4352792784       -28.9930623861      3.839942866E-05       6.44193046E-05 (     3961.8888888889,     4233.6666666667)     0.24567591039704     0.47140452079111         64        11.8498001099         3.8731763363         3.1502001286     0.03866624832153        11.8498001099         3.8731763363         3.1502001286     0.03866624832153                  1.0                    0         3.9832699299         2.4215226173          0 ellipse      [        4.3934903145         1.8937083483]       106.7326889038     0.39705586433411         10
    11       266.3939784626       -29.0336980554      0.0001068751152      5.261910007E-05 (     4226.1666666667,     3936.3333333333)     0.68380742361569     0.38490017945969         55         5.7344555855         2.4495177269     0.26554432511330     0.01171697676182         5.7344555855         2.4495177269     0.26554432511330     0.01171697676182                  1.0                    0         2.8561713696         2.6079144478          0 ellipse      [        5.1821231842         2.5289523602]        16.2624454498     0.46271073818207         11
    12       266.4239719487       -28.9818114527      8.512883488E-05      4.831285194E-05              (     4034.250,     4316.0)     0.54486236794264     0.35355339059333         40         3.3976244926         2.0000779629     0.60237562656403     0.01765653863549         3.3976244926         2.0000779629     0.60237562656403     0.01765653863549                  1.0                    0         1.5708529949         2.5898761749          0 ellipse      [        3.2691740990         2.1213202477]      2.350313366E-08     0.33893927931786         12
