 
--------------------------------------------------------------------------------
Data for Table Block SRCLIST
--------------------------------------------------------------------------------
 
ROW    RA                   DEC                  RA_ERR               DEC_ERR              POS(X,Y)                                 X_ERR                Y_ERR                NPIXSOU    NET_COUNTS           NET_COUNTS_ERR       BKG_COUNTS           BKG_COUNTS_ERR       NET_RATE             NET_RATE_ERR         BKG_RATE             BKG_RATE_ERR         EXPTIME              EXPTIME_ERR          SRC_SIGNIFICANCE     PSF_SIZE             MULTI_CORREL_MAX SHAPE        R[2]                                     ROTANG               PSFRATIO             COMPONENT
 
     1       266.4218499123       -29.0362579373      7.548457012E-05      2.863283121E-05 (     4089.1111111111,     3940.7777777778)     0.48290388186660     0.20951312035140         55         8.4401540756         3.0000379086     0.55984580516815     0.01508975215256         8.4401540756         3.0000379086     0.55984580516815     0.01508975215256                  1.0                    0         3.9357488155         2.4531469345          0 ellipse      [        4.4462471008         1.6356433630]       166.8840332031     0.36643445491791          1
     2       266.3988472813       -29.0264918399      1.532612447E-05      1.160624794E-05 (     4236.2816091954,     4012.2241379310)     0.09807251083203     0.08490562336738        309       493.6616516113        24.8407135010       123.3383636475     0.24714034795761       493.6616516113        24.8407135010       123.3383636475     0.24714034795761                  1.0                    0        40.6657447815         2.4310026169          0 ellipse      [        4.0888566971         3.1036458015]       151.0849914551     0.48846149444580          2
     3       266.3980002934       -29.0260315749      1.566251768E-05      1.570885136E-05 (     4241.7012987013,     4015.5909090909)     0.10023158802051     0.11492355814562        213       261.0020141602        18.4401473999        78.9979934692     0.19759847223759       261.0020141602        18.4401473999        78.9979934692     0.19759847223759                  1.0                    0        26.2837314606         2.4348399639          0 ellipse      [        4.3961691856         3.5921385288]        66.5051879883     0.54402899742126          3
     4       266.4096772653       -29.0135951235      6.250930636E-05      2.117742156E-05               (     4167.0,     4106.60)     0.39999999999964     0.15491933384783         43         8.8913326263         3.1623585224         1.1086670160     0.02261540293694         8.8913326263         3.1623585224         1.1086670160     0.02261540293694                  1.0                    0         3.7622063160         2.2773246765          0 ellipse      [        3.8033962250         1.4471273422]       175.8170623779     0.34339419007301          4
     5       266.4039930545       -29.0109004987      6.605442354E-05      5.883881334E-05         (     4203.3750,     4126.31250)     0.42274216432725     0.43046804106143         71        13.3685636520         4.0001602173         2.6314363480     0.03582280874252        13.3685636520         4.0001602173         2.6314363480     0.03582280874252                  1.0                    0         4.7091174126         2.3134541512          0 ellipse      [        6.6441669464         2.8762850761]       134.2418518066     0.62987458705902          5
     6       266.4156391159       -29.0081103214      4.737765249E-05      4.303555406E-05 (     4128.8529411765,     4146.7352941176)     0.30319051116021     0.31488126924069         62        23.9274158478         5.8313736916        10.0725851059     0.07015228271484        23.9274158478         5.8313736916        10.0725851059     0.07015228271484                  1.0                    0         5.5777854919         2.2404413223          0 ellipse      [        6.7526249886         3.5876059532]        46.9369583130     0.73229128122330          6
     7       266.4168158203       -29.0079080813      4.785353599E-05      4.303900543E-05 (     4121.3230769231,     4148.2153846154)     0.30623322690099     0.31490944143388        109        46.1216163635         8.0628290176        18.8783855438     0.09594706445932        46.1216163635         8.0628290176        18.8783855438     0.09594706445932                  1.0                    0         8.4932365417         2.2361335754          0 ellipse      [        8.6753320694         6.1329002380]        47.4017410278         1.0873190165          7
     8       266.4309750883       -28.9834738518      5.435092947E-05      5.113184579E-05               (     4030.70,     4327.0)     0.34785054261874     0.37416573867722         61         9.3503465652         3.1623394489     0.64965355396271     0.01978231966496         9.3503465652         3.1623394489     0.64965355396271     0.01978231966496                  1.0                    0         4.2831187248         2.6308624744          0 ellipse      [        4.2547330856         2.3210444450]        48.8643188477     0.39816078543663          8
     9       266.4158754371       -29.0055041536      6.112484908E-05      4.993982324E-05 (     4127.3414634146,     4165.8048780488)     0.39117230433749     0.36539729617380        102        26.7047595978         6.4036622047        14.2952404022     0.08299807459116        26.7047595978         6.4036622047        14.2952404022     0.08299807459116                  1.0                    0         5.4736108780         2.2500486374          0 ellipse      [        7.7980518341         6.7022614479]       148.4638366699         1.0710027218          9
