 
--------------------------------------------------------------------------------
Data for Table Block SRCLIST
--------------------------------------------------------------------------------
 
ROW    RA                   DEC                  RA_ERR               DEC_ERR              POS(X,Y)                                 X_ERR                Y_ERR                NPIXSOU    NET_COUNTS           NET_COUNTS_ERR       BKG_COUNTS           BKG_COUNTS_ERR       NET_RATE             NET_RATE_ERR         BKG_RATE             BKG_RATE_ERR         EXPTIME              EXPTIME_ERR          SRC_SIGNIFICANCE     PSF_SIZE             MULTI_CORREL_MAX SHAPE        R[2]                                     ROTANG               PSFRATIO             COMPONENT
 
     1       266.3988898306       -29.0264013620      1.561150901E-05      1.392714163E-05 (     4223.1153846154,     4017.7527472527)     0.09989985975517     0.10188917512869        275       474.3675842285        23.9593257904        99.6324234009     0.22200620174408       474.3675842285        23.9593257904        99.6324234009     0.22200620174408                  1.0                    0        43.0495643616         2.4144663811          0 ellipse      [        4.3661012650         3.7800936699]       131.0414886475     0.56086170673370          1
     2       266.3978718353       -29.0260202404      1.972333172E-05      1.724732424E-05 (     4229.6290322581,     4020.5403225806)     0.12621302269872     0.12617769539520        203       320.9237060547        20.0509490967        81.0763015747     0.20136775076389       320.9237060547        20.0509490967        81.0763015747     0.20136775076389                  1.0                    0        31.9460906982         2.4197540283          0 ellipse      [        4.6093316078         3.7814364433]        44.9589653015     0.57511526346207          2
     3       266.3982141366       -29.0233897139      3.135006273E-05      2.475361003E-05 (     4227.4423076923,     4039.7884615385)     0.20061566028016     0.18108919812812         57        40.9977378845         7.2114634514        11.0022630692     0.07215998321772        40.9977378845         7.2114634514        11.0022630692     0.07215998321772                  1.0                    0         9.2584190369         2.3909060955          0 ellipse      [        4.3562059402         3.8995079994]       168.8457031250     0.57461285591125          3
     4       266.4167574785       -29.0078461184      2.890835623E-05      2.472943088E-05      (     4108.80,     4153.5333333333)     0.18499249233992     0.18094402654060        114        51.0102195740         8.3671531677        18.9897823334     0.09621840715408        51.0102195740         8.3671531677        18.9897823334     0.09621840715408                  1.0                    0         9.3718004227         2.2366540432          0 ellipse      [        3.2577242851         2.7326235771]        41.3471183777     0.44465890526772          4
     5       266.4157833663       -29.0056836792      3.630810539E-05      3.599991303E-05 (     4115.0338983051,     4169.3559322034)     0.23235316423506     0.26340827527929         92        47.5759086609         7.6814956665        11.4240913391     0.07332069426775        47.5759086609         7.6814956665        11.4240913391     0.07332069426775                  1.0                    0        10.5980024338         2.2522673607          0 ellipse      [        6.3801879883         4.9803299904]       119.5325012207     0.83426612615585          5
     6       266.4208100076       -29.0039921154      2.897065974E-05      2.023633306E-05 (     4082.8666666667,     4181.7333333333)     0.18539247657418     0.14807405554620         83        17.8802318573         5.1965813637         9.1197690964     0.06678222864866        17.8802318573         5.1965813637         9.1197690964     0.06678222864866                  1.0                    0         4.3172082901         2.2512118816          0 ellipse      [        2.5781297684     0.97634392976761]       143.5809631348     0.23491792380810          6
     7       266.4344685989       -28.9883443971      4.978538482E-05      4.173426463E-05 (     3995.4444444444,     4296.2222222222)     0.31860463952034     0.30541523152715         48         7.5708746910         3.0001139641         1.4291254282     0.02615800499916         7.5708746910         3.0001139641         1.4291254282     0.02615800499916                  1.0                    0         3.0574738979         2.5658755302          0 ellipse      [        3.3193080425         2.1817359924]        41.9422492981     0.34959727525711          7
     8       266.4162579768       -28.9838266215      7.057819596E-05      4.549036836E-05       (     4112.0,     4329.2857142857)     0.45175395145270     0.33284707000530         53         6.0015668869         2.6458821297     0.99843287467957     0.02630125358701         6.0015668869         2.6458821297     0.99843287467957     0.02630125358701                  1.0                    0         2.5843389034         2.6028609276          0 ellipse      [        3.6229941845         2.5904917717]       168.1853179932     0.39233109354973          8
     9       266.4375243507       -29.0077189188      7.899141002E-05      5.375493507E-05 (     3975.9090909091,     4154.4545454545)     0.50541768103858     0.39340926398108         44         8.6682863235         3.3167870045         2.3317131996     0.03279599919915         8.6682863235         3.3167870045         2.3317131996     0.03279599919915                  1.0                    0         3.1458344460         2.3059747219          0 ellipse      [        5.0445189476         3.8941493034]       172.8813629150     0.64067882299423          9
    10       266.4353282452       -28.9931795755      6.628440315E-05      6.612282078E-05 (     3989.9473684211,     4260.8421052632)     0.42415752712259     0.48388523338053         75        14.7337656021         4.3591279984         4.2662343979     0.04466824978590        14.7337656021         4.3591279984         4.2662343979     0.04466824978590                  1.0                    0         4.5478863716          2.448808670          0 ellipse      [        7.2172951698         4.3259654045]        53.0667610168     0.76059353351593         10
    11       266.4518535349       -29.0252032797       8.51963643E-05      0.0001132970996             (     3884.250,     4026.50)     0.54486236794264     0.82915619758887         49         3.6101460457         2.0000450611     0.38985401391983     0.01341977901757         3.6101460457         2.0000450611     0.38985401391983     0.01341977901757                  1.0                    0         1.7460229397         2.6636672020          0 ellipse      [        5.8263339996         1.2212009430]       122.1615905762     0.33380284905434         11
