 
--------------------------------------------------------------------------------
Data for Table Block SRCLIST
--------------------------------------------------------------------------------
 
ROW    RA                   DEC                  RA_ERR               DEC_ERR              POS(X,Y)                                 X_ERR                Y_ERR                NPIXSOU    NET_COUNTS           NET_COUNTS_ERR       BKG_COUNTS           BKG_COUNTS_ERR       NET_RATE             NET_RATE_ERR         BKG_RATE             BKG_RATE_ERR         EXPTIME              EXPTIME_ERR          SRC_SIGNIFICANCE     PSF_SIZE             MULTI_CORREL_MAX SHAPE        R[2]                                     ROTANG               PSFRATIO             COMPONENT
 
     1       266.4290885633       -29.0364602155      6.850399649E-05      4.693715971E-05 (     4053.7777777778,     3931.2222222222)     0.43822813208135     0.34346735168492         51         7.5397253036         3.0001168251         1.4602746964     0.02647279947996         7.5397253036         3.0001168251         1.4602746964     0.02647279947996                  1.0                    0         3.0320212841         2.4908854961          0 ellipse      [        3.9505140781         3.082944870]       174.7542572021     0.46701914072037          1
     2       266.4217781428       -29.0363292344      7.830297108E-05      5.317582218E-05 (     4100.5454545455,     3932.1818181818)     0.50093826316333     0.38908859194498        102        18.6638698578         4.6905894279         3.3361303806     0.04038509726524        18.6638698578         4.6905894279         3.3361303806     0.04038509726524                  1.0                    0         6.1771888733         2.4630887508          0 ellipse      [        8.1921300888         3.5426208973]       145.5888519287     0.72905355691910          2
     3       266.4346220097       -29.0323389494      6.140126203E-05      2.338677591E-05          (     4018.3750,     3961.3750)     0.39280640906190     0.17116329922055         36         6.6019392014         2.8285431862         1.3980606794     0.02563630789518         6.6019392014         2.8285431862         1.3980606794     0.02563630789518                  1.0                    0         2.6775910854         2.4543011189          0 ellipse      [        3.4028267860         1.2804372311]        12.5574178696     0.28349798917770          3
     4       266.4302126299       -29.0295433042      5.665349556E-05      3.153114147E-05 (     4046.5833333333,     3981.8333333333)     0.36244412085262     0.23073955174777         42         9.6045684814         3.4642663002         2.3954319954     0.03379031643271         9.6045684814         3.4642663002         2.3954319954     0.03379031643271                  1.0                    0         3.4629318714         2.3754200935          0 ellipse      [        3.9619507790         2.0592341423]        21.2840251923     0.40081661939621          4
     5       266.4173794304       -29.0154623893      2.270468997E-05      2.103596309E-05 (     4128.6923076923,     4084.8653846154)     0.14528705909470     0.15391547994204         46        39.6127891541         7.2115120888        12.3872098923     0.07686662673950        39.6127891541         7.2115120888        12.3872098923     0.07686662673950                  1.0                    0         8.5657997131         2.2542197704          0 ellipse      [        3.4148581028         3.0503032207]        60.4194335938     0.47724384069443          5
     6       266.4095630826       -29.0134902802      7.101499364E-05       4.72940961E-05 (     4178.7083333333,     4099.2916666667)     0.45445008995466     0.34600481023153         64        17.1745319366         4.8992929459         6.8254680634     0.05540651828051        17.1745319366         4.8992929459         6.8254680634     0.05540651828051                  1.0                    0         4.5769987106         2.2855904102          0 ellipse      [        7.1677370071         4.3694734573]        27.2472782135     0.81617993116379          6
     7       266.4242746289       -29.0104362155      3.042408071E-05      2.229070807E-05 (     4084.5714285714,     4121.6428571429)     0.19468146967711     0.16310578942011         55        19.8802089691         6.0006303787        16.1197910309     0.08699114620686        19.8802089691         6.0006303787        16.1197910309     0.08699114620686                  1.0                    0         3.8925199509         2.2222456932          0 ellipse      [        2.3694572449         1.5853147507]       148.6619415283     0.29071596264839          7
     8       266.4173560090       -29.0082949241      2.446136818E-06      2.140486547E-06 (     4128.8444182081,     4137.3102453102)     0.01565384917649     0.01566142711999        365      7499.0317382812        89.0629730225       432.9683837891     0.46188309788704      7499.0317382812        89.0629730225       432.9683837891     0.46188309788704                  1.0                    0       343.5839538574         2.2355601788          0 ellipse      [        4.3119697571         3.8789851665]        45.1315116882     0.60980266332626          8
     9       266.4156755523       -29.0082048112      2.120833494E-05      1.742333347E-05 (     4139.5979381443,     4137.9690721649)     0.13572257454780     0.12748005935191        106       118.9489898682        14.7664661407        99.0510101318     0.22025127708912       118.9489898682        14.7664661407        99.0510101318     0.22025127708912                  1.0                    0        10.8233394623         2.2412517071          0 ellipse      [        4.1673841476         3.5918483734]        32.4529991150     0.57541197538376          9
    10       266.4086564094       -29.0062646758      3.695072724E-05      2.652638993E-05 (     4184.5161290323,     4152.1612903226)     0.23648029462038     0.19406798101772         56        23.0216217041         5.5680932999         7.9783773422     0.06050856411457        23.0216217041         5.5680932999         7.9783773422     0.06050856411457                  1.0                    0         5.8217992783         2.2936015129          0 ellipse      [        4.3263969421         2.7189321518]        31.6327171326     0.49845176935196         10
    11       266.4158330041       -29.0057082624      1.733701708E-05        1.8750838E-05 (     4138.5913978495,     4156.2365591398)     0.11095248617676     0.13719507288806         85        99.7988510132        12.5310649872        57.2011489868     0.16608774662018        99.7988510132        12.5310649872        57.2011489868     0.16608774662018                  1.0                    0        11.5875873566         2.2471940517          0 ellipse      [        4.0204582214         3.1455025673]       104.8099288940     0.52749818563461         11
    12       266.4169357944       -29.0015625462      4.212517371E-05      3.551162861E-05 (     4131.5357142857,     4186.5714285714)     0.26959470444490     0.25982866074537         69        35.1758918762         7.4839682579        20.8241081238     0.09891149401665        35.1758918762         7.4839682579        20.8241081238     0.09891149401665                  1.0                    0         6.2315640450         2.2610161304          0 ellipse      [        6.2873244286         5.5791072845]        35.9681472778     0.87315303087234         12
    13       266.4233618210       -28.9980311414      4.697398231E-05        5.2172664E-05 (     4090.4117647059,     4212.4117647059)     0.30062016095462     0.38175358933768         47        11.7757167816         4.1234121323         5.2242832184     0.05028881132603        11.7757167816         4.1234121323         5.2242832184     0.05028881132603                  1.0                    0         3.4189646244         2.2736439705          0 ellipse      [        5.1968622208         3.0194687843]       120.8698883057     0.58075392246246         13
    14       266.4071970197       -28.9852057318      6.439603379E-05      4.679188579E-05           (     4193.8750,     4306.250)     0.41221581119589     0.34232659844110         41         5.0118846893         2.8286859989         2.9881150723     0.03826080262661         5.0118846893         2.8286859989         2.9881150723     0.03826080262661                  1.0                    0         1.7085462809         2.6041092873          0 ellipse      [        3.5007278919         2.9011685848]         4.2134847641     0.40792956948280         14
