 
--------------------------------------------------------------------------------
Data for Table Block SRCLIST
--------------------------------------------------------------------------------
 
ROW    RA                   DEC                  RA_ERR               DEC_ERR              POS(X,Y)                                 X_ERR                Y_ERR                NPIXSOU    NET_COUNTS           NET_COUNTS_ERR       BKG_COUNTS           BKG_COUNTS_ERR       NET_RATE             NET_RATE_ERR         BKG_RATE             BKG_RATE_ERR         EXPTIME              EXPTIME_ERR          SRC_SIGNIFICANCE     PSF_SIZE             MULTI_CORREL_MAX SHAPE        R[2]                                     ROTANG               PSFRATIO             COMPONENT
 
     1       266.4237498486       -29.0371317103      4.692811149E-05      5.532097796E-05 (     4075.4615384615,     3933.8461538462)     0.30020475488664     0.40479600891103         34         9.4653844833         3.6057817936         3.5346159935     0.04076347500086         9.4653844833         3.6057817936         3.5346159935     0.04076347500086                  1.0                    0         3.0832560062         2.4766237736          0 ellipse      [        4.8638033867         2.4615836143]       120.3211212158     0.46570834517479          1
     2       266.4218154736       -29.0363975665      3.381120706E-05       4.22699789E-05 (     4087.8363636364,     3939.2181818182)     0.21630042829747     0.30929502254230        103        42.8950843811         7.4165902138        12.1049175262     0.07624790072441        42.8950843811         7.4165902138        12.1049175262     0.07624790072441                  1.0                    0         9.3547592163         2.4597396851          0 ellipse      [        7.0122971535         4.6195330620]       104.8116683960     0.77129191160202          2
     3       266.4201190977       -29.0304353176      3.862287093E-05      3.668558616E-05 (     4098.6888888889,     3982.8444444444)     0.24710116331335     0.26843038144852         71        31.4110736847         6.7086839676        13.5889263153     0.08025844395161        31.4110736847         6.7086839676        13.5889263153     0.08025844395161                  1.0                    0         6.5621871948         2.3564949036          0 ellipse      [        5.9350996017         4.3226966858]        52.8098564148     0.71647924184799          3
     4       266.4177538489       -29.0244006986      4.509469545E-05      3.156272538E-05       (     4113.8222222222,     4027.0)     0.28852778951477     0.23094010767591         79        39.9781494141         7.8108963966        21.0218486786     0.10052611678839        39.9781494141         7.8108963966        21.0218486786     0.10052611678839                  1.0                    0         7.0557589531         2.3007287979          0 ellipse      [        5.9810523987         4.4206972122]        20.8571605682     0.74498498439789          4
     5       266.4118266396       -29.0157391999      2.930091603E-05      2.378086968E-05           (     4151.750,     4090.3750)              0.18750     0.17399263633843         40        15.4687957764         5.6575384140        16.5312042236     0.08799716830254        15.4687957764         5.6575384140        16.5312042236     0.08799716830254                  1.0                    0         2.9995338917         2.2716183662          0 ellipse      [        2.2718179226         2.0641505718]       160.6700897217     0.31776118278503          5
     6       266.4172629007       -29.0156365407        2.7492632E-05      2.589902677E-05 (     4116.9651162791,     4091.1279069767)     0.17592195097131     0.18950029048528        105        64.8302917480        11.7061824799        72.1697082520     0.18631432950497        64.8302917480        11.7061824799        72.1697082520     0.18631432950497                  1.0                    0         6.7961244583         2.2475070953          0 ellipse      [        5.4332685471         4.7146978378]       119.1098098755     0.75064605474472          6
     7       266.4244726727       -29.0105468714      3.476982295E-05      2.333065701E-05 (     4070.8307692308,     4128.3692307692)     0.22248646606704     0.17071964736715         47        34.8191413879         8.0631418228        30.1808605194     0.11939208954573        34.8191413879         8.0631418228        30.1808605194     0.11939208954573                  1.0                    0         5.3065400124         2.2217812538          0 ellipse      [        5.3886346817         4.1194891930]         4.6629877090     0.70686829090118          7
     8       266.4147872149       -29.0092247911      2.026159024E-05      1.838161839E-05 (     4132.8085106383,     4138.0425531915)     0.12966212643369     0.13449341063733         66        71.6825561523        13.7133340836       116.3174438477     0.23567835986614        71.6825561523        13.7133340836       116.3174438477     0.23567835986614                  1.0                    0         6.0646319389         2.2456972599          0 ellipse      [        3.9456057549         3.7360708714]       113.9363250732     0.56989115476608          8
     9       266.4173940758       -29.0083556926       1.66262214E-06      1.463051884E-06 (     4116.1271506010,     4144.4024275277)     0.01063962825901     0.01070498156150        366        16627.7031250       132.7271118164       988.2969970703     0.69737309217453        16627.7031250       132.7271118164       988.2969970703     0.69737309217453                  1.0                    0       512.4238891602         2.2346081734          0 ellipse      [        4.4727067947         3.8458592892]        46.1709403992     0.61867028474808          9
    10       266.4157519813       -29.0083786318      1.315828797E-05      1.073090281E-05 (     4126.6351351351,     4144.2342342342)     0.08420483491682     0.07851544138430         77       229.0519409180        20.2506542206       180.9480590820     0.29831013083458       229.0519409180        20.2506542206       180.9480590820     0.29831013083458                  1.0                    0        15.8190050125         2.2406976223          0 ellipse      [        3.7823021412         3.4896903038]        14.8126707077     0.54046434164047         10
    11       266.4086463803       -29.0062904221      2.007621424E-05      1.878909744E-05 (     4172.1063829787,     4159.5106382979)     0.12848683220818     0.13746834830818         40        38.0533409119         7.1418471336        12.9466581345     0.07733436673880        38.0533409119         7.1418471336        12.9466581345     0.07733436673880                  1.0                    0         8.0949058533         2.2916407585          0 ellipse      [        2.9437634945         2.5122041702]       122.2938995361     0.39555886387825         11
    12       266.4158591118       -29.0059218756      1.207242906E-05      1.454557319E-05 (     4125.9502923977,     4162.2105263158)     0.07725912961814     0.10642801324775        100       289.9736633301        21.6814823151       180.0263214111     0.29438397288322       289.9736633301        21.6814823151       180.0263214111     0.29438397288322                  1.0                    0        20.0738983154         2.2498955727          0 ellipse      [        5.9361715317         4.2424793243]        98.4684066772     0.74349743127823         12
    13       266.4073064163       -29.0007138001      5.638594632E-05      4.678820502E-05 (     4180.6857142857,     4200.3142857143)     0.36088650162492     0.34231249256391         64        21.3766860962         5.9166302681        13.6233139038     0.08071926981211        21.3766860962         5.9166302681        13.6233139038     0.08071926981211                  1.0                    0         4.4616417885         2.3299851418          0 ellipse      [        7.5969219208         4.4970107079]        41.8497428894     0.83619272708893         13
    14       266.4233746014       -28.9980299703      2.991986941E-05      3.186729674E-05 (     4077.8550724638,     4219.9565217391)     0.19147484970972     0.23318005822603         68        40.8433609009         8.3074350357        28.1566410065     0.11606888473034        40.8433609009         8.3074350357        28.1566410065     0.11606888473034                  1.0                    0         6.4053049088         2.2871401310          0 ellipse      [        5.9014744759         4.6589355469]       106.5268096924     0.76420450210571         14
    15       266.4162877885       -28.9838746361      4.556131228E-05      3.311743667E-05 (     4123.2127659574,     4323.5319148936)     0.29163091796909     0.24231242964925         77        34.2450370789         6.8561620712        12.7549638748     0.08343552052975        34.2450370789         6.8561620712        12.7549638748     0.08343552052975                  1.0                    0         7.3252820969         2.5883681774          0 ellipse      [        6.9219946861         3.5913956165]        35.7256050110     0.64209598302841         15
    16       266.4136186597       -29.0409993385      7.543463653E-05      9.521541779E-05 (     4140.2727272727,     3905.5454545455)     0.48260500233573     0.69667019556073         74         7.6091432571         3.3169286251         3.3908567429     0.04489130154252         7.6091432571         3.3169286251         3.3908567429     0.04489130154252                  1.0                    0         2.5072059631         2.5744268894          0 ellipse      [        7.0569524765         4.6159353256]        75.6470260620     0.73898673057556         16
    17       266.4201734191       -29.0242373921      5.407486162E-05      3.748182792E-05 (     4098.3414634146,     4028.1951219512)     0.34598015523170     0.27425636234102         63        24.8525848389         6.4037270546        16.1474151611     0.08786251395941        24.8525848389         6.4037270546        16.1474151611     0.08786251395941                  1.0                    0         4.8629040718         2.2966139317          0 ellipse      [        6.6953768730         5.2054753304]        11.1063156128     0.85685724020004         17
    18       266.4239465965       -29.0238266808      4.062473096E-05      4.618788686E-05              (     4074.20,     4031.20)     0.25991451586196     0.33796778281703         45        20.0995368958         5.4776558876         9.9004621506     0.06865330785513        20.0995368958         5.4776558876         9.9004621506     0.06865330785513                  1.0                    0         4.7143230438         2.2902200222          0 ellipse      [        5.6009626389         4.2082319260]        78.6319961548     0.70661479234695         18
    19       266.4266601854       -29.0234882412      5.360514126E-05      3.466874475E-05 (     4056.8378378378,     4033.6756756757)     0.34296331107635     0.25369167385225         56        26.8930950165         6.0831575394        10.1069040298     0.06933759897947        26.8930950165         6.0831575394        10.1069040298     0.06933759897947                  1.0                    0         6.2615160942         2.2931299210          0 ellipse      [        6.4647817612         4.3367080688]        19.7496242523     0.76967453956604         19
    20       266.4078381894       -28.9859485703      4.526513663E-05      5.017123107E-05 (     4177.2941176471,     4308.3529411765)     0.28976010768929     0.36707568056408         61        26.2472362518         5.8312759399         7.7527627945     0.06149252876639        26.2472362518         5.8312759399         7.7527627945     0.06149252876639                  1.0                    0         6.7026491165         2.5905635357          0 ellipse      [        6.4357113838         5.0502963066]        83.7842483521     0.73356938362122         20
    21       266.4131465731       -29.0249335277      3.859973373E-05      3.590149138E-05              (     4143.30,     4023.10)     0.24698178070412     0.26267851073135         42        13.6973628998         5.0005488396        11.3026371002     0.07409560680389        13.6973628998         5.0005488396        11.3026371002     0.07409560680389                  1.0                    0         3.0631282330         2.3163273335          0 ellipse      [        2.9735062122         1.6906393766]       131.5443878174     0.32265523076057         21
    22       266.4143010040       -29.0130209936      3.053507101E-05      2.919412748E-05 (     4135.9183673469,     4110.2653061224)     0.19540053737728     0.21360535374970         61        28.2513446808         9.2210111618        56.7486534119     0.16447497904301        28.2513446808         9.2210111618        56.7486534119     0.16447497904301                  1.0                    0         3.2916285992         2.2523386478          0 ellipse      [        4.6579680443         3.9067802429]        60.3444786072     0.63132476806641         22
    23       266.4244927457       -29.0120711162      3.318675539E-05       4.98666513E-05 (     4070.7027027027,     4117.2162162162)     0.21234667433737     0.36488515486235         44        14.0542526245         6.0836625099        22.9457473755     0.10463393479586        14.0542526245         6.0836625099        22.9457473755     0.10463393479586                  1.0                    0          2.395137310         2.2228722572          0 ellipse      [        6.6747117043         3.8470213413]        85.1148223877     0.75987613201141         23
    24       266.4272621089       -29.0096247855      3.439776128E-05      5.558389049E-05 (     4052.9807692308,     4135.1153846154)     0.22009005791097     0.40672403718145         69        22.9014472961         7.2120747566        29.0985527039     0.11841084063053        22.9014472961         7.2120747566        29.0985527039     0.11841084063053                  1.0                    0         3.5432600975         2.2287898064          0 ellipse      [        8.8633222580         4.6400327682]        81.8725051880     0.95911002159119         24
