 
--------------------------------------------------------------------------------
Data for Table Block SRCLIST
--------------------------------------------------------------------------------
 
ROW    RA                   DEC                  RA_ERR               DEC_ERR              POS(X,Y)                                 X_ERR                Y_ERR                NPIXSOU    NET_COUNTS           NET_COUNTS_ERR       BKG_COUNTS           BKG_COUNTS_ERR       NET_RATE             NET_RATE_ERR         BKG_RATE             BKG_RATE_ERR         EXPTIME              EXPTIME_ERR          SRC_SIGNIFICANCE     PSF_SIZE             MULTI_CORREL_MAX SHAPE        R[2]                                     ROTANG               PSFRATIO             COMPONENT
 
     1       266.4201611996       -29.0303634975      4.118980792E-05      4.193144746E-05 (     4096.1666666667,     3937.1666666667)     0.26352313834741     0.30681558381093         48        11.5199499130         4.2430057526         6.4800505638     0.05566718801856        11.5199499130         4.2430057526         6.4800505638     0.05566718801856                  1.0                    0         3.1228895187         2.4553809166          0 ellipse      [        4.2899746895         2.8453679085]        56.4168281555     0.47430360317230          1
     2       266.4302914901       -29.0295747087      6.320035681E-05       4.44917708E-05 (     4031.3548387097,     3942.9354838710)     0.40431694199879     0.32558435058581         94        24.3179492950         5.5680446625         6.6820511818     0.05588639527559        24.3179492950         5.5680446625         6.6820511818     0.05588639527559                  1.0                    0         6.5262432098         2.4831542969          0 ellipse      [        6.9076004028         5.2411103249]       161.1833801270     0.80770039558411          2
     3       266.4217299677       -29.0203302449      7.400791782E-05      4.218104191E-05 (     4086.1290322581,     4010.5806451613)     0.47352802866499     0.30864813337530         66        15.2918300629         5.5684313774        15.7081699371     0.08618789166212        15.2918300629         5.5684313774        15.7081699371     0.08618789166212                  1.0                    0         3.0239732265         2.3209028244          0 ellipse      [        8.8216218948         3.3641326427]       151.3773040771     0.78240668773651          3
     4       266.4302742094       -29.0164615128      8.527427644E-05       2.85659172E-05 (     4031.4571428571,     4038.8857142857)     0.54562131914599     0.20906567104748         86        24.6464138031         5.9164991379        10.3535852432     0.07046169042587        24.6464138031         5.9164991379        10.3535852432     0.07046169042587                  1.0                    0         5.6891164780         2.3073024750          0 ellipse      [        9.7840166092         3.4376614094]       171.2299194336     0.83784627914429          4
     5       266.4173556615       -29.0154104588      4.715759837E-05      3.423978815E-05 (     4114.1184210526,     4046.5789473684)     0.30175336261618     0.25052794524527         76        37.8577499390         8.7188510895        38.1422500610       0.135542511940        37.8577499390         8.7188510895        38.1422500610       0.135542511940                  1.0                    0         5.2315974236         2.2811281681          0 ellipse      [        9.4940299988         3.8827588558]       142.4698791504     0.88720619678497          5
     6       266.4187930426       -29.0153457436      3.205829296E-05      2.271657462E-05 (     4104.9210526316,     4047.0526315789)     0.20513349125486     0.16621652776166         67        32.1850662231          7.874897480        29.8149356842     0.11835668981075        32.1850662231          7.874897480        29.8149356842     0.11835668981075                  1.0                    0         4.9298901558         2.2772092819          0 ellipse      [        3.9203238487         2.9105134010]        22.1156101227     0.49444907903671          6
     7       266.4157041465       -29.0132335179      3.334788425E-05      2.742456529E-05 (     4124.6865671642,     4062.5074626866)     0.21339521140453     0.20065956550570         47        32.3995246887         8.1863651276        34.6004753113     0.12872290611267        32.3995246887         8.1863651276        34.6004753113     0.12872290611267                  1.0                    0         4.6647377014         2.2695379257          0 ellipse      [        5.2624449730         4.9035849571]        14.6771612167     0.74609124660492          7
     8       266.4120398437       -29.0116889840      3.581725787E-05      3.066068602E-05 (     4148.1346153846,     4073.8076923077)     0.22920761072055     0.22433079563825         47        26.1665248871         7.2119307518        25.8334751129     0.10927954316139        26.1665248871         7.2119307518        25.8334751129     0.10927954316139                  1.0                    0         4.2506303787         2.2733702660          0 ellipse      [        5.1416463852         4.6585574150]        38.6853523254     0.71760487556458          8
     9       266.4242941218       -29.0104711448      2.462667544E-05      1.773012635E-05            (     4069.720,     4082.720)     0.15758172482902     0.12973819792205         56        43.0494270325         8.7186937332        32.9505729675     0.12500114738941        43.0494270325         8.7186937332        32.9505729675     0.12500114738941                  1.0                    0         6.3259425163         2.2465953827          0 ellipse      [        3.4892754555         2.5639338493]       154.9970855713     0.44378736615181          9
    10       266.4173342431       -29.0082531948      3.585940249E-06      3.064346419E-06 (     4114.2567005545,     4098.9491682070)     0.02294748010263     0.02242150773509        235      4201.1381835938        68.3024902344       463.8619689941     0.47927078604698      4201.1381835938        68.3024902344       463.8619689941     0.47927078604698                  1.0                    0       186.2630920410         2.2418768406          0 ellipse      [        5.0012569427         3.8834450245]        42.3148460388     0.65526229143143         10
    11       266.4157875275       -29.0082388694      1.420475621E-05      1.276178353E-05 (     4124.1543624161,     4099.0536912752)     0.09090173917320     0.09337557380695         52       122.9562911987        14.6985054016        93.0437088013     0.21459226310253       122.9562911987        14.6985054016        93.0437088013     0.21459226310253                  1.0                    0        11.5076799393         2.2454974651          0 ellipse      [        3.4598171711         3.2867453098]       119.2144927979     0.50058263540268         11
    12       266.4086209729       -29.0062278192      1.600671817E-05      1.408287236E-05    (     4170.0156250,     4113.7656250)     0.10244135970242     0.10303544288399         94        69.8934783936         9.7985782623        26.1065216064     0.11015176028013        69.8934783936         9.7985782623        26.1065216064     0.11015176028013                  1.0                    0        11.3053655624         2.2742328644          0 ellipse      [        2.5013880730         2.4295525551]        50.7246704102     0.36132457852364         12
    13       266.4158216486       -29.0057584423      1.118890924E-05      1.307846832E-05 (     4123.9366754617,     4117.2031662269)     0.07160466727419     0.09569350858965        178       481.1919555664        27.3336601257       265.8080444336     0.35907065868378       481.1919555664        27.3336601257       265.8080444336     0.35907065868378                  1.0                    0        27.7718524933         2.2382335663          0 ellipse      [        5.6531019211         4.0947270393]       102.5939102173     0.71652150154114         13
    14       266.4205429670       -29.0005842189      4.428240601E-05      3.401101323E-05 (     4093.7234042553,     4155.0638297872)     0.28338976331816     0.24886206447263         50        22.6775798798         6.8564844131        24.3224201202      0.1066842302680        22.6775798798         6.8564844131        24.3224201202      0.1066842302680                  1.0                    0         3.7750434875         2.2259035110          0 ellipse      [        6.2302103043         4.6209182739]        31.7832355499     0.80350375175476         14
    15       266.4070364626       -29.0004665774      3.716253605E-05      3.781460052E-05            (     4180.160,     4155.920)     0.23785709995718     0.27666586345276         37        17.0611038208         5.0003795624         7.9388971329     0.06160288676620        17.0611038208         5.0003795624         7.9388971329     0.06160288676620                  1.0                    0         4.3217902184         2.2905337811          0 ellipse      [        4.1515898705         3.5659923553]        93.1096115112     0.55993741750717         15
    16       266.4232882929       -28.9979699570      4.552687091E-05      2.975154627E-05 (     4076.1538461538,     4174.1923076923)     0.29135628412087     0.21770203001688         40        16.5255260468         5.0994691849         9.4744739532      0.0677313208580        16.5255260468         5.0994691849         9.4744739532      0.0677313208580                  1.0                    0         3.9369239807         2.2412142754          0 ellipse      [        4.8424539566         2.7394859791]        28.3075580597     0.54170477390289         16
    17       266.4161887905       -28.9836462211       4.42614961E-05      8.348143824E-05       (     4121.5925925926,     4279.0)     0.28332369511281     0.61083046305430         83        19.5334663391         5.1964964867         7.4665336609     0.05978031456470        19.5334663391         5.1964964867         7.4665336609     0.05978031456470                  1.0                    0         5.0520420074         2.4065175056          0 ellipse      [        9.5285320282         4.4022631645]        92.4097900391     0.89709973335266         17
    18       266.4301892029       -29.0147502212      6.650955737E-05      8.774249202E-05       (     4032.0,     4051.4074074074)     0.42552315900275     0.64205444273284         96        16.3708839417         5.1966171265        10.6291151047     0.06949272751808        16.3708839417         5.1966171265        10.6291151047     0.06949272751808                  1.0                    0         3.7433760166         2.2921237946          0 ellipse      [       10.5598735809         5.7150607109]       112.2843170166         1.1297450066         18
    19       266.4145944623       -29.0089083234      2.410117099E-05       2.27070867E-05 (     4131.7887323944,     4094.1549295775)     0.15423370802364     0.16614220105339        127       126.9916305542        17.3229026794       173.0083770752     0.28799426555634       126.9916305542        17.3229026794       173.0083770752     0.28799426555634                  1.0                    0         8.9545850754         2.2520713806          0 ellipse      [        6.3123712540         5.0825200081]        55.1802024841     0.83836358785629         19
    20       266.4070485486       -28.9849081864      4.451629144E-05      3.306662092E-05 (     4180.0952380952,     4269.7619047619)     0.28495742534960     0.24191940248875         68        24.8283977509         5.9164900780        10.1716022491     0.06967087090015        24.8283977509         5.9164900780        10.1716022491     0.06967087090015                  1.0                    0         5.7676281929         2.4404680729          0 ellipse      [        4.4004893303         2.6540267467]        34.8219490051     0.46677625179291         20
    21       266.4240517704       -29.0183284914       5.61014304E-05      3.614824108E-05 (     4071.2727272727,     4025.2272727273)     0.35895750215650     0.26451123007155         42        11.1896228790         4.6909589767        10.8103771210     0.07138705253601        11.1896228790         4.6909589767        10.8103771210     0.07138705253601                  1.0                    0         2.5430638790         2.3062591553          0 ellipse      [        5.1229600906         3.6222896576]       166.3362579346     0.62261950969696         21
    22       266.4226066562       -29.0075018219      4.363171757E-05      2.526904062E-05 (     4080.5176470588,     4104.4470588235)     0.27920389280871     0.18490126972029         55        32.4558410645         9.2209091187        52.5441589355     0.15865685045719        32.4558410645         9.2209091187        52.5441589355     0.15865685045719                  1.0                    0         3.9102077484         2.2307672501          0 ellipse      [        8.2829980850         4.1450653076]        24.6895675659     0.87555605173111         22
