 
--------------------------------------------------------------------------------
Data for Table Block SRCLIST
--------------------------------------------------------------------------------
 
ROW    RA                   DEC                  RA_ERR               DEC_ERR              POS(X,Y)                                 X_ERR                Y_ERR                NPIXSOU    NET_COUNTS           NET_COUNTS_ERR       BKG_COUNTS           BKG_COUNTS_ERR       NET_RATE             NET_RATE_ERR         BKG_RATE             BKG_RATE_ERR         EXPTIME              EXPTIME_ERR          SRC_SIGNIFICANCE     PSF_SIZE             MULTI_CORREL_MAX SHAPE        R[2]                                     ROTANG               PSFRATIO             COMPONENT
 
     1       266.4218946478       -29.0361789196      4.099137004E-05       2.47622044E-05 (     4044.3787878788,     3877.1212121212)     0.26222642092034     0.18120496529309         91        56.6824684143         8.1243219376         9.3175306320     0.06783293932676        56.6824684143         8.1243219376         9.3175306320     0.06783293932676                  1.0                    0        13.5833511353         2.5740439892          0 ellipse      [        6.670402050         3.9818222523]       159.0864257812     0.66739004850388          1
     2       266.4201132508       -29.0300952794      3.166728374E-05      4.077714477E-05 (     4055.7727272727,     3921.6363636364)     0.20258472548358     0.29838030080236         95        28.8242607117         6.7087712288        16.1757392883     0.08725446462631        28.8242607117         6.7087712288        16.1757392883     0.08725446462631                  1.0                    0         5.6362438202         2.4069650173          0 ellipse      [        4.3512730598         2.6116189957]        70.8349380493     0.46684429049492          2
     3       266.4068291892       -29.0289196824      3.631508548E-05      4.208236114E-05 (     4140.7619047619,     3930.2380952381)     0.23235716022646     0.30790611627344         49        16.5886535645         5.0004057884         8.4113454819     0.06369897723198        16.5886535645         5.0004057884         8.4113454819     0.06369897723198                  1.0                    0         4.1195917130         2.3791716099          0 ellipse      [        4.4111943245         2.9434359074]       112.1936187744     0.50484532117844          3
     4       266.4083757827        -29.026162230      3.845739963E-05      3.103803932E-05 (     4130.8679245283,     3950.4150943396)     0.24606223956107     0.22709639988580         70        36.5771102905         7.2806520462        16.4228878021     0.08884155005217        36.5771102905         7.2806520462        16.4228878021     0.08884155005217                  1.0                    0         7.1106109619         2.3368296623          0 ellipse      [        6.096490860         4.0390286446]       140.9225616455     0.70783185958862          4
     5       266.4127778132       -29.0239868409      3.910205123E-05       3.98563718E-05 (     4102.7037037037,     3966.3333333333)     0.25018410129360     0.29162992125976         39        18.0184326172         5.1965603828         8.9815683365     0.06513141095638        18.0184326172         5.1965603828         8.9815683365     0.06513141095638                  1.0                    0         4.3738875389         2.3030719757          0 ellipse      [        4.9018473625         3.4421555996]       121.6915054321     0.59451985359192          5
     6        266.420910740       -29.0213262102      3.852106192E-05      3.246728079E-05      (     4050.6666666667,     3985.80)     0.24645636680907     0.23758039574932         49        20.2349681854         5.4776453972         9.7650318146     0.06782021373510        20.2349681854         5.4776453972         9.7650318146     0.06782021373510                  1.0                    0         4.7693734169         2.2990524769          0 ellipse      [        4.4120769501         3.4890654087]        40.4238319397     0.56886070966721          6
     7        266.409810680       -29.0135415494      4.691460191E-05      2.512636094E-05 (     4121.6904761905,     4042.7619047619)     0.30020419210814     0.18384136107670         47        24.8174934387         6.4813661575        17.1825065613     0.09005708247423        24.8174934387         6.4813661575        17.1825065613     0.09005708247423                  1.0                    0         4.7409768105         2.2258346081          0 ellipse      [        6.0257167816         3.2453930378]        17.1564292908     0.66225290298462          7
     8       266.4144272991       -29.0126264797      3.258054119E-05       2.65643844E-05 (     4092.1495327103,     4049.4579439252)     0.20847773060268     0.19437471783613         63        52.7072372437        10.3453321457        54.2927627563     0.16094627976418        52.7072372437        10.3453321457        54.2927627563     0.16094627976418                  1.0                    0         6.2604503632         2.2285170555          0 ellipse      [        6.6399483681         5.8437600136]       151.6992492676     0.93173265457153          8
     9       266.4243935943       -29.0104122935      3.767364529E-05      3.552943233E-05        (     4028.3750,     4065.656250)     0.24105075969601     0.25999314519231         34        16.7008819580         5.6574902534        15.2991180420     0.08484017848969        16.7008819580         5.6574902534        15.2991180420     0.08484017848969                  1.0                    0         3.3360829353         2.2775232792          0 ellipse      [        4.5501265526         3.9368133545]       119.1613922119     0.61944115161896          9
    10       266.4174016058       -29.0081691651      2.400538449E-06      2.017760924E-06 (     4073.1163088754,     4082.0720922781)     0.01536095041638     0.01476457928175        294      6342.7998046875        83.4644088745       623.2003784180     0.55400478839874      6342.7998046875        83.4644088745       623.2003784180     0.55400478839874                  1.0                    0       244.1510314941         2.2436800003          0 ellipse      [        3.9048004150         3.2022845745]        39.1686935425     0.52534812688828         10
    11       266.4157547873       -29.0081484058      1.531008701E-05       1.23604351E-05 (     4083.6545454545,     4082.2242424242)     0.09797004675374     0.09044386624009         59       144.4715423584        16.1882095337       117.5284576416     0.24111019074917       144.4715423584        16.1882095337       117.5284576416     0.24111019074917                  1.0                    0        12.1654205322         2.2387964725          0 ellipse      [        3.8008444309         3.4574909210]       163.8337707520     0.53974008560181         11
    12       266.4183997970       -29.0065300740      2.163389502E-05      1.957239714E-05 (     4066.7282608696,     4094.0652173913)     0.13843513497295     0.14321810061756         41        40.3688278198        10.9104967117        78.6311721802     0.19735285639763        40.3688278198        10.9104967117        78.6311721802     0.19735285639763                  1.0                    0         4.0737042427         2.2503850460          0 ellipse      [        4.1267075539         3.9776594639]       101.2847137451     0.60011923313141         12
    13       266.4086785417       -29.0061002198      1.344397845E-05      1.158693606E-05 (     4128.9371584699,     4097.2103825137)     0.08603541169850     0.08477876361121        116       319.7268371582        19.1316947937        46.2731742859     0.14754919707775       319.7268371582        19.1316947937        46.2731742859     0.14754919707775                  1.0                    0        40.6914596558         2.2315168381          0 ellipse      [        5.2945413589         4.4750132561]       137.5332641602     0.72709292173386         13
    14       266.4158350465       -29.0059673079      1.320515241E-05      1.509776731E-05 (     4083.1406727829,     4098.1834862385)     0.08450161913879     0.11047295643857        157       467.2470397949        27.0393848419       263.7529602051     0.35826128721237       467.2470397949        27.0393848419       263.7529602051     0.35826128721237                  1.0                    0        27.0655288696          2.244923830          0 ellipse      [        6.0232415199         4.5444803238]        98.7576293945     0.77684503793716         14
    15       266.4232678312       -28.9979580175      4.301222998E-05      3.630981993E-05 (     4035.5714285714,     4156.7857142857)     0.27524762829808     0.26570374006769        102        46.7040634155         9.1661281586        37.2959365845     0.13381123542786        46.7040634155         9.1661281586        37.2959365845     0.13381123542786                  1.0                    0         6.5155072212         2.3178744316          0 ellipse      [        7.6047844887         7.2674074173]       160.5336151123         1.0691092014         15
    16       266.4168368409       -28.9922180220      4.794778874E-05      5.131154054E-05 (     4076.7272727273,     4198.7878787879)     0.30686281687395     0.37545827708072         55        19.8428459167         5.7451062202        13.1571540833     0.07904541492462        19.8428459167         5.7451062202        13.1571540833     0.07904541492462                  1.0                    0         4.1957879066         2.3437469006          0 ellipse      [        6.9160351753         4.6907539368]       118.7194061279     0.81006139516830         16
    17       266.4189341077       -28.9877203824      4.662440381E-05      3.772140511E-05 (     4063.3030303030,     4231.6969696970)     0.29840361449533     0.27602334340827         91        25.6426963806         6.7088932991        19.3573036194     0.09616427123547        25.6426963806         6.7088932991        19.3573036194     0.09616427123547                  1.0                    0         4.6758112907         2.4064674377          0 ellipse      [        5.4586377144         4.3906326294]       145.6415710449     0.67811667919159         17
    18       266.4162583179       -28.9836766640      4.410439084E-05      3.336511001E-05 (     4080.4285714286,     4261.2857142857)     0.28229243430269     0.24414093122323         43        14.8203954697         4.5829105377         6.1796045303     0.05540175363421        14.8203954697         4.5829105377         6.1796045303     0.05540175363421                  1.0                    0         4.0800399780         2.4772918224          0 ellipse      [        3.8932673931         3.3420054913]         8.9393482208     0.48535808920860         18
    19       266.4196852559       -29.0259713887      7.985643231E-05      2.802088585E-05 (     4058.5094339623,     3951.8113207547)     0.51091513641450     0.20505641588170         94        34.2379341125         7.2807230949        18.7620677948     0.09449821710587        34.2379341125         7.2807230949        18.7620677948     0.09449821710587                  1.0                    0         6.3201723099         2.3488659859          0 ellipse      [       11.1781539917         4.4293546677]       176.3036804199     0.99856370687485         19
    20       266.4223872064       -29.0259682344      5.145512341E-05      3.757812919E-05 (     4041.2222222222,     3951.8333333333)     0.32919238582645     0.27498597046133         58        16.3603668213         5.0994687080         9.6396322250     0.06766870617867        16.3603668213         5.0994687080         9.6396322250     0.06766870617867                  1.0                    0         3.8738393784         2.3675141335          0 ellipse      [        4.3627696037         3.2820415497]       154.9767761230     0.53276950120926         20
    21       266.4230131214       -29.0073351862      3.811699048E-05      2.394566946E-05 (     4037.2068965517,     4088.1724137931)     0.24390465023816     0.17523130556810         53        40.6007652283         9.3285636902        46.3992347717     0.14867208898067        40.6007652283         9.3285636902        46.3992347717     0.14867208898067                  1.0                    0         5.1612043381         2.2692565918          0 ellipse      [        7.1243643761         4.4571852684]       158.4265136719     0.82774877548218         21
    22       266.4129748361       -28.9962586947      3.567403587E-05       3.57920323E-05 (     4101.4444444444,     4169.2222222222)     0.22831162973944     0.26189140043880         42        11.6632490158         4.7963900566        11.3367509842     0.07319404929876        11.6632490158         4.7963900566        11.3367509842     0.07319404929876                  1.0                    0         2.6053807735         2.2971546650          0 ellipse      [        2.4868967533         1.8955531120]        60.4818801880     0.31505426764488         22
    23       266.4080203563       -28.9858553008       6.62645175E-05      5.389300869E-05      (     4133.156250,     4245.343750)     0.42414752509831     0.39431847604010         84        20.9796714783         5.6573314667        11.0203285217     0.07349717617035        20.9796714783         5.6573314667        11.0203285217     0.07349717617035                  1.0                    0         4.7349715233         2.4499878883          0 ellipse      [        8.3022136688         5.2597575188]        40.0942802429     0.89907228946686         23
    24       266.4241256208       -28.9818800988      8.119086482E-05      4.302216335E-05 (     4030.0714285714,     4274.4285714286)     0.51965732149029     0.31484180858206         53         9.5180416107         3.7419581413         4.4819583893     0.04743348434567         9.5180416107         3.7419581413         4.4819583893     0.04743348434567                  1.0                    0         2.8953559399         2.5501160622          0 ellipse      [        6.1919546127         2.8591969013]       157.7775268555     0.54998987913132         24
