 
--------------------------------------------------------------------------------
Data for Table Block SRCLIST
--------------------------------------------------------------------------------
 
ROW    RA                   DEC                  RA_ERR               DEC_ERR              POS(X,Y)                                 X_ERR                Y_ERR                NPIXSOU    NET_COUNTS           NET_COUNTS_ERR       BKG_COUNTS           BKG_COUNTS_ERR       NET_RATE             NET_RATE_ERR         BKG_RATE             BKG_RATE_ERR         EXPTIME              EXPTIME_ERR          SRC_SIGNIFICANCE     PSF_SIZE             MULTI_CORREL_MAX SHAPE        R[2]                                     ROTANG               PSFRATIO             COMPONENT
 
     1       266.4041791447       -29.0303571139      8.318428007E-05      5.100567708E-05 (     4149.8666666667,     3899.3333333333)     0.53222106239718     0.37317456941628         50        10.5998125076         3.8732550144         4.4001879692     0.04586661234498        10.5998125076         3.8732550144         4.4001879692     0.04586661234498                  1.0                    0         3.2421250343         2.4902007580          0 ellipse      [        7.0612988472         2.6791901588]        31.4533348083     0.58222180604935          1
     2       266.4068753167       -29.0289637898      4.951618331E-05      4.764257772E-05 (     4132.6176470588,     3909.5294117647)     0.31681455690068     0.34858908428760         70        24.8264694214         5.8313241005         9.1735305786     0.06590547412634        24.8264694214         5.8313241005         9.1735305786     0.06590547412634                  1.0                    0         5.9820461273         2.4419879913          0 ellipse      [        6.1601619720         5.4726104736]        71.9945144653     0.79255342483521          2
     3       266.4083786866       -29.0262052453      2.734558842E-05      2.151502828E-05       (     4123.0,     3929.7142857143)     0.17496355305593     0.15742090429103         55        17.8137893677         5.0003457069         7.1862096786      0.0588132776320        17.8137893677         5.0003457069         7.1862096786      0.0588132776320                  1.0                    0         4.6668047905         2.3828434944          0 ellipse      [        2.1970341206         1.4671853781]        37.0273017883     0.25115633010864          3
     4       266.4036940912       -29.0205170846      2.861442124E-05      1.704218835E-05 (     4152.9753086420,     3971.3333333333)     0.18309545913326     0.12468524615224         99        72.6666641235         9.0002202988         8.3333387375     0.06300555169582        72.6666641235         9.0002202988         8.3333387375     0.06300555169582                  1.0                    0        18.1039447784         2.3126599789          0 ellipse      [        5.1936159134         2.9662506580]        21.9281578064     0.56572556495667          4
     5       266.4118954561       -29.0156136418      4.213913547E-05      4.104500032E-05      (     4100.50,     4007.2142857143)     0.26963694411643     0.30032780924012         48        16.1476764679         5.2920207977        11.8523235321     0.07407068461180        16.1476764679         5.2920207977        11.8523235321     0.07407068461180                  1.0                    0         3.5489592552         2.2595591545          0 ellipse      [        5.0533452034         3.9388735294]       121.9522857666     0.65815854072571          5
     6       266.4106609061       -29.0112900829      3.730981035E-05      2.420827074E-05             (     4108.40,     4038.850)     0.23874672772672     0.17712989583924         31        11.2218246460         4.4725871086         8.7781753540     0.06352092325687        11.2218246460         4.4725871086         8.7781753540     0.06352092325687                  1.0                    0         2.7458879948         2.2267339230          0 ellipse      [        3.3818180561         2.1144282818]       155.7322387695     0.40029671788216          6
     7       266.4038541163       -29.0109841003      3.527424741E-05      3.456122529E-05 (     4151.9565217391,     4041.0869565217)     0.22573769736937     0.25287042848868         45        19.3213825226         4.7960095406         3.6786174774     0.04133699461818        19.3213825226         4.7960095406         3.6786174774     0.04133699461818                  1.0                    0         6.2238140106         2.2397217751          0 ellipse      [        3.8168168068         3.0358538628]       119.9242248535     0.50661236047745          7
     8       266.4146733645       -29.0089486016      2.794717125E-05      2.067388254E-05 (     4082.7241379310,     4055.9827586207)     0.17883408809075     0.15127555023491         78        59.8226814270        11.0013284683        61.1773185730     0.17094975709915        59.8226814270        11.0013284683        61.1773185730     0.17094975709915                  1.0                    0         6.7448468208         2.2398996353          0 ellipse      [        4.3395657539         3.1318016052]        29.1233558655     0.54861849546432          8
     9       266.4174431234       -29.0083995061                    0                    0                (     4065.0,     4060.0)                    0                    0         71       103.6092453003        13.2678165436        72.3907546997     0.18698279559612       103.6092453003        13.2678165436        72.3907546997     0.18698279559612                  1.0                    0        10.8465957642         2.2504801750          0 ellipse      [     3.576278687E-07      3.576278687E-07]                 90.0      5.297060213E-08          9
    10       266.4157609069        -29.008265570      1.749247554E-05      1.673243984E-05 (     4075.7647058824,     4060.9803921569)     0.11193354171155     0.12243554915949         57        98.1629791260        12.4911289215        57.8370246887     0.16819949448109        98.1629791260        12.4911289215        57.8370246887     0.16819949448109                  1.0                    0        11.3427925110         2.2432165146          0 ellipse      [        3.7282254696         3.3709511757]        76.4902572632     0.52678674459457         10
    11       266.4169146834       -29.0078292586        6.6989885E-06      5.360359829E-06 (     4068.3814041746,     4064.1726755218)     0.04286652086466     0.03922373847490        155       651.1413574219        28.7068824768       172.8586425781     0.29163789749146       651.1413574219        28.7068824768       172.8586425781     0.29163789749146                  1.0                    0        45.9324531555         2.2478232384          0 ellipse      [        2.9540307522         2.6993076801]         4.9800143242       0.418745636940         11
    12       266.4239797421       -29.0076191098      2.796032356E-05      2.320869271E-05 (     4023.1707317073,     4065.7073170732)     0.17890684991153     0.16983703719097         51        32.8590087891         7.3491497040        21.1409912109     0.10001577436924        32.8590087891         7.3491497040        21.1409912109     0.10001577436924                  1.0                    0         5.7862787247         2.2872085571          0 ellipse      [        3.4419553280         3.2569055557]       170.1564483643     0.48795321583748         12
    13       266.4119654154       -29.0074716999      3.942156673E-05      4.073998283E-05 (     4100.0526315789,     4066.7894736842)     0.25226774354542     0.29809620938750         40        18.3098793030         6.1651601791        19.6901206970     0.09590509533882        18.3098793030         6.1651601791        19.6901206970     0.09590509533882                  1.0                    0         3.3163609505         2.2258203030          0 ellipse      [        5.6632370949         4.4813914299]       111.9944992065     0.75444477796555         13
    14       266.4086970488       -29.0062340543      9.393325627E-06      7.312002047E-06 (     4120.9678362573,     4075.8450292398)     0.06011216608476     0.05350050664038        155       351.3968200684        19.7994728088        40.6031837463     0.13838729262352       351.3968200684        19.7994728088        40.6031837463     0.13838729262352                  1.0                    0        47.2902221680         2.2207036018          0 ellipse      [        3.3516023159         2.9494409561]       167.9207153320     0.47193723917007         14
    15       266.4158846969       -29.0059212299      1.376053916E-05       1.76824296E-05 (     4074.9720670391,     4078.1340782123)     0.08805400930441     0.12938613355664        216       401.8152160645        24.6596946716       206.1847839355     0.31701517105103       401.8152160645        24.6596946716       206.1847839355     0.31701517105103                  1.0                    0        26.1169490814         2.2443718910          0 ellipse      [        7.3532171249         4.9850544930]        93.8398132324     0.89920264482498         15
    16       266.4170707521       -29.0016475350      1.619755085E-05       1.40177999E-05 (     4067.3809523810,     4109.4047619048)     0.10365317231890     0.10257325187831         59        74.7733688354        10.0504913330        26.2266292572     0.11121606081724        74.7733688354        10.0504913330        26.2266292572     0.11121606081724                  1.0                    0        12.0720930099         2.2572996616          0 ellipse      [        3.0196163654         2.6378870010]        42.7643127441     0.41676717996597         16
    17       266.4234966840       -28.9979223415       2.22883267E-05      2.067288233E-05 (     4026.2553191489,     4136.6595744681)     0.14262648197382     0.15127822887007         79        49.9259376526         8.4267463684        21.0740623474     0.10025220364332        49.9259376526         8.4267463684        21.0740623474     0.10025220364332                  1.0                    0         8.8027601242         2.3087334633          0 ellipse      [        3.5517613888         2.3812155724]       130.5451354980     0.41988098621368         17
    18       266.4168471276       -28.9922207965      6.623242837E-05       4.55313084E-05 (     4068.8095238095,     4178.3809523810)     0.42388467829642     0.33317132441334         48        13.9377088547          4.582944870         7.0622906685     0.05815154686570        13.9377088547          4.582944870         7.0622906685     0.05815154686570                  1.0                    0         3.6726045609         2.3198149204          0 ellipse      [        6.2247948647         4.0237674713]        27.4360427856     0.71912497282028         18
    19       266.4086666557       -28.9880589856       4.38305002E-05      3.834196727E-05 (     4121.1666666667,     4208.8333333333)     0.28054180384333     0.28054180384333         31         4.7166924477         2.4496145248         1.2833074331     0.02473266422749         4.7166924477         2.4496145248         1.2833074331     0.02473266422749                  1.0                    0         1.9442734718         2.3494718075          0 ellipse      [        2.6457512379         1.2247449160]                 45.0     0.25539115071297         19
    20       266.4161545811       -28.9837011477      7.249417649E-05      4.981376754E-05            (     4073.240,     4240.720)     0.46400000000040     0.36450514399621         77        18.2458152771         5.0003161430         6.7541856766     0.05623979866505        18.2458152771         5.0003161430         6.7541856766     0.05623979866505                  1.0                    0         4.8793730736         2.4294657707          0 ellipse      [        7.1150012016         5.2642908096]        17.9739723206     0.83970236778259         20
    21       266.4085576176       -29.0182590611      5.201700753E-05      5.995130052E-05 (     4121.8571428571,     3987.8571428571)     0.33284707000621     0.43865684204502         36         9.0741014481         3.7419631481         4.9258980751     0.04783536866307         9.0741014481         3.7419631481         4.9258980751     0.04783536866307                  1.0                    0         2.6827292442         2.2760035992          0 ellipse      [        4.9530644417         3.6974632740]        80.6293334961     0.62675052881241         21
    22       266.4144740535       -29.0126772482      3.828065303E-05      3.375362766E-05               (     4084.0,     4028.70)     0.24494897427849     0.24698178070457         44        17.8200092316         6.4039878845        23.1799907684     0.10518082231283        17.8200092316         6.4039878845        23.1799907684     0.10518082231283                  1.0                    0         3.0245292187         2.2454605103          0 ellipse      [        2.3430747986         2.3237900734]                 90.0     0.34638959169388         22
    23       266.4225401223       -29.0073844015      5.692583017E-05      2.750324728E-05 (     4032.3829787234,     4067.4255319149)     0.36426276524662     0.20127407863811         49        18.5329399109         6.8566503525        28.4670600891     0.11683690547943        18.5329399109         6.8566503525        28.4670600891     0.11683690547943                  1.0                    0         2.8933842182         2.2728087902          0 ellipse      [        7.6039304733         3.9297912121]        11.5298566818     0.80171436071396         23
    24       266.4241598035       -28.9819701741       5.47641734E-05      7.167847553E-05       (     4022.0,     4253.3823529412)     0.35048162611201     0.52451115135227        111        22.6472854614         5.8314280510        11.3527154922     0.07451311498880        22.6472854614         5.8314280510        11.3527154922     0.07451311498880                  1.0                    0         5.0564436913         2.4940855503          0 ellipse      [        9.5299406052         5.5635166168]       109.4462738037     0.97316658496857         24
