 
--------------------------------------------------------------------------------
Data for Table Block SRCLIST
--------------------------------------------------------------------------------
 
ROW    RA                   DEC                  RA_ERR               DEC_ERR              POS(X,Y)                                 X_ERR                Y_ERR                NPIXSOU    NET_COUNTS           NET_COUNTS_ERR       BKG_COUNTS           BKG_COUNTS_ERR       NET_RATE             NET_RATE_ERR         BKG_RATE             BKG_RATE_ERR         EXPTIME              EXPTIME_ERR          SRC_SIGNIFICANCE     PSF_SIZE             MULTI_CORREL_MAX SHAPE        R[2]                                     ROTANG               PSFRATIO             COMPONENT
 
     1       266.4069161625       -29.0287774809      5.195466741E-05      3.970055896E-05             (     4137.70,     3910.750)     0.33241540277231     0.29047375096570         52        13.3924245834         4.4724793434         6.6075754166     0.05543145537376        13.3924245834         4.4724793434         6.6075754166     0.05543145537376                  1.0                    0         3.6074016094         2.4396114349          0 ellipse      [        4.9471664429         3.2562317848]       144.9081878662     0.54839563369751          1
     2       266.4050673837       -29.0265243903      7.368168013E-05      6.965347795E-05 (     4149.5294117647,     3927.2352941176)     0.47145249357072     0.50962644413221         57        11.4098272324         4.1234188080         5.5901727676     0.05082241818309        11.4098272324         4.1234188080         5.5901727676     0.05082241818309                  1.0                    0         3.2432985306         2.4010641575          0 ellipse      [        8.0957670212         2.8640012741]        47.8676834106     0.66848331689835          2
     3       266.4084111066       -29.0260721656      4.952077552E-05      4.790147711E-05 (     4128.1363636364,     3930.5454545455)     0.31685081705837     0.35048533485360         55        15.0871887207         4.6907639503         6.9128117561     0.05715314671397        15.0871887207         4.6907639503         6.9128117561     0.05715314671397                  1.0                    0         4.0038414001         2.3836159706          0 ellipse      [        5.1258134842         4.2339634895]       118.9161376953     0.65147453546524          3
     4       266.4148956674       -29.0175528721      3.493608807E-05      2.651970016E-05 (     4086.6470588235,     3992.8823529412)     0.22353851738899     0.19404947948533         43        23.9989776611         5.8313622475        10.0010232925     0.06919712573290        23.9989776611         5.8313622475        10.0010232925     0.06919712573290                  1.0                    0         5.6087112427         2.2843565941          0 ellipse      [        3.9715750217         3.3226106167]       161.3765869141     0.53007334470749          4
     5       266.4174243295       -29.0152817413      3.102508106E-05      3.004502025E-05      (     4070.4666666667,     4009.50)     0.19851299052561     0.21984843263772         75        29.8516998291         7.3492617607        24.1483001709     0.10792157053947        29.8516998291         7.3492617607        24.1483001709     0.10792157053947                  1.0                    0         4.9837393761         2.2779526711          0 ellipse      [        3.6536288261         3.2157421112]        71.6221923828     0.50157612562180          5
     6       266.4090320086       -29.0153899278      3.404235122E-05      4.372550211E-05 (     4124.1666666667,     4008.7083333333)     0.21783871029675     0.31993470832731         42        16.3445072174         4.8993468285         7.6554937363     0.05999198928475        16.3445072174         4.8993468285         7.6554937363     0.05999198928475                  1.0                    0         4.1917343140         2.2570848465          0 ellipse      [        4.7746305466         3.0922935009]       103.1766433716     0.56746762990952          6
     7       266.4168278186       -29.0127327958      3.644437447E-05      3.081244876E-05 (     4074.2830188679,     4028.1509433962)     0.23319618719734     0.22546376620630         50        28.4159889221         7.2809119225        24.5840110779     0.10806091874838        28.4159889221         7.2809119225        24.5840110779     0.10806091874838                  1.0                    0         4.7098660469         2.2594895363          0 ellipse      [        5.6105065346         4.3254446983]       138.8068237305     0.72674965858459          7
     8       266.4105940392       -29.0111935561      3.660245432E-05      3.496160786E-05 (     4114.1724137931,     4039.4137931034)     0.23422382009721     0.25581113620456         36        18.3924484253         5.3856220245        10.6075515747     0.07018618285656        18.3924484253         5.3856220245        10.6075515747     0.07018618285656                  1.0                    0         4.2087054253         2.2271966934          0 ellipse      [        4.7629718781         2.9516835213]       129.3020019531     0.56116950511932          8
     9       266.4037543678       -29.0109019160      5.437722376E-05      6.117661519E-05 (     4157.9393939394,     4041.5454545455)     0.34799542427390     0.44760542174299         90              22.6250         5.7449898720        10.3749990463     0.07004572451115              22.6250         5.7449898720        10.3749990463     0.07004572451115                  1.0                    0         5.2186460495         2.2432994843          0 ellipse      [        8.6874485016         4.4720587730]        57.5533103943     0.92617142200470          9
    10       266.4173480972       -29.0081935455      1.575650612E-05      1.326271497E-05 (     4070.9527027027,     4061.3648648649)     0.10082496615541     0.09704765677361         92       168.1821594238        15.9386816025        85.8178329468     0.20388521254063       168.1821594238        15.9386816025        85.8178329468     0.20388521254063                  1.0                    0        16.3217353821         2.2493901253          0 ellipse      [        3.7215487957         3.4979791641]       154.0417480469     0.53466826677322         10
    11       266.4157509496       -29.0081186084      1.596506957E-05      1.487992927E-05 (     4081.1730769231,     4061.9134615385)     0.10216074221898     0.10887959608181         73       113.9194869995        13.4548425674        67.0805130005     0.18104057013988       113.9194869995        13.4548425674        67.0805130005     0.18104057013988                  1.0                    0        12.3343849182         2.2430379391          0 ellipse      [        3.3710815907         3.0823254585]        67.7080459595     0.47903364896774         11
    12       266.4169943560       -29.0076191862      1.440690733E-05      1.079413822E-05 (     4073.2162162162,     4065.5675675676)     0.09219003753424     0.07898433303671        119       203.1939392090        17.9459819794       118.8060531616     0.24135436117649       203.1939392090        17.9459819794       118.8060531616     0.24135436117649                  1.0                    0        17.0262336731         2.2471323013          0 ellipse      [        2.4226255417         1.9864741564]        19.2381324768     0.32541283965111         12
    13       266.4239787462       -29.0075062402      3.705419306E-05       2.18119143E-05 (     4028.5217391304,     4066.3913043478)     0.23710258934216     0.15962065657914         27        13.2009201050         4.7963075638         9.7990798950     0.06756412237883        13.2009201050         4.7963075638         9.7990798950     0.06756412237883                  1.0                    0         3.1076090336         2.2858145237          0 ellipse      [        3.6456272602         1.9027755260]        24.4260025024     0.38407644629478         13
    14       266.4199396467       -29.0067957213      3.535839727E-05      2.595508715E-05 (     4054.3684210526,     4071.5921052632)     0.22625619262953     0.18992784712054         60        30.0623188019         8.7190647125        45.9376831055     0.14862020313740        30.0623188019         8.7190647125        45.9376831055     0.14862020313740                  1.0                    0         3.8379852772         2.2607736588          0 ellipse      [        5.9513483047         4.9264936447]       169.0353546143     0.79835915565491         14
    15       266.4157967423       -29.0061605781      1.615271202E-05       1.49531095E-05 (     4080.8797468354,     4076.2405063291)     0.10336340040931     0.10941512502359         89       193.3934173584        16.5843200684        81.6065902710     0.19924892485142       193.3934173584        16.5843200684        81.6065902710     0.19924892485142                  1.0                    0        19.1952743530         2.2427008152          0 ellipse      [        4.1303749084         3.8931162357]        82.0645675659     0.59600627422333         15
    16       266.4086467695       -29.0060912547      7.416624669E-06      6.477382552E-06 (     4126.6344086022,     4076.7473118280)     0.04746294410779     0.04739358933102        210       564.7545166016         24.880229950        54.2454795837     0.16065037250519       564.7545166016         24.880229950        54.2454795837     0.16065037250519                  1.0                    0        67.1057128906         2.2214732170          0 ellipse      [        3.4474420547         3.2723898888]        44.1952819824     0.50398623943329         16
    17       266.4158792953       -29.0054196170      1.446707569E-05      1.348007138E-05 (     4080.3513513514,     4081.6621621622)     0.09257736427980     0.09863664035311         93       168.5408172607        15.4930343628        71.4591827393     0.18471394479275       168.5408172607        15.4930343628        71.4591827393     0.18471394479275                  1.0                    0        17.7456245422         2.2430536747          0 ellipse      [        3.8500247002         3.0907254219]       126.4860763550     0.51262646913528         17
    18       266.4170482408       -29.0015071189      1.509476402E-05      1.226841919E-05            (     4072.870,     4110.290)     0.09659710140568     0.08977193325336         86       102.8423843384        11.7905445099        36.1576156616     0.13017092645168       102.8423843384        11.7905445099        36.1576156616     0.13017092645168                  1.0                    0        14.5356893539         2.2553601265          0 ellipse      [        2.9848997593         2.5964155197]       150.9346313477     0.41144788265228         18
    19       266.4232941660       -28.9978422993       3.68196558E-05      2.931041573E-05 (     4032.8965517241,     4137.1034482759)     0.23562009964826     0.21448623783726         85        31.2730331421         7.2808241844        21.7269668579     0.10197695344687        31.2730331421         7.2808241844        21.7269668579     0.10197695344687                  1.0                    0         5.4473257065         2.3056561947          0 ellipse      [        4.1331405640         3.0682532787]       144.4450378418     0.51483714580536         19
    20       266.4162721619       -28.9836092721      5.498237482E-05      6.404549736E-05     (     4077.8333333333,     4241.250)     0.35191276275873     0.46863424496678         80        17.9961166382         4.8992762566         6.0038828850     0.05390887334943        17.9961166382         4.8992762566         6.0038828850     0.05390887334943                  1.0                    0         5.0005559921         2.4255199432          0 ellipse      [        7.8216428757         3.6068553925]        57.7172889709     0.72994011640549         20
    21       266.4310752249       -28.9831924477      5.817338837E-05      5.548278441E-05 (     3983.0833333333,     4244.2916666667)     0.37228958760215     0.40602736064466         74        18.7624855042         4.8992404938         5.2375144958     0.05056085810065        18.7624855042         4.8992404938         5.2375144958     0.05056085810065                  1.0                    0         5.4432296753         2.5260379314          0 ellipse      [        7.2335305214         3.6363315582]       130.8297119141     0.67677730321884         21
    22       266.4140764107        -29.012146060      3.839363995E-05      3.120238934E-05 (     4091.8888888889,     4032.4444444444)     0.24567591039704     0.22831162973989         27         9.6825685501         4.8996720314        14.3174314499     0.08237694948912         9.6825685501         4.8996720314        14.3174314499     0.08237694948912                  1.0                    0         1.9834505320         2.2430601120          0 ellipse      [        2.4572265148         1.7530397177]        38.5026931763     0.30842980742455         22
    23       266.4239012902       -28.9808676746      6.128452429E-05      6.198453127E-05       (     4029.0,     4261.3076923077)     0.39223227027651     0.45358030524858         43         8.7076950073         3.6058382988         4.2923049927      0.0454896800220         8.7076950073         3.6058382988         4.2923049927      0.0454896800220                  1.0                    0         2.6829993725         2.5040738583          0 ellipse      [        5.8190569878         2.8652369976]        51.8450241089     0.54354834556580         23
