 
--------------------------------------------------------------------------------
Data for Table Block SRCLIST
--------------------------------------------------------------------------------
 
ROW    RA                   DEC                  RA_ERR               DEC_ERR              POS(X,Y)                                 X_ERR                Y_ERR                NPIXSOU    NET_COUNTS           NET_COUNTS_ERR       BKG_COUNTS           BKG_COUNTS_ERR       NET_RATE             NET_RATE_ERR         BKG_RATE             BKG_RATE_ERR         EXPTIME              EXPTIME_ERR          SRC_SIGNIFICANCE     PSF_SIZE             MULTI_CORREL_MAX SHAPE        R[2]                                     ROTANG               PSFRATIO             COMPONENT
 
     1       266.4293417298       -29.0364659049      6.179287476E-05      5.367954257E-05            (     4040.50,     3938.6250)     0.39528470752111     0.39280640906190         36         6.2002649307         2.8285820484         1.7997350693     0.02961172908545         6.2002649307         2.8285820484         1.7997350693     0.02961172908545                  1.0                    0         2.3876659870         2.4797329903          0 ellipse      [        3.5872902870         3.0807018280]        43.8070297241     0.44687074422836          1
     2       266.4217940164       -29.0363173142      7.093012408E-05      3.762660711E-05 (     4088.7857142857,     3939.7142857143)     0.45376622845652     0.27532117475994         46        10.7103881836         3.7418642044         3.2896120548     0.03933725878596        10.7103881836         3.7418642044         3.2896120548     0.03933725878596                  1.0                    0         3.5584118366         2.4563252926          0 ellipse      [        5.1496105194         2.9960656166]       169.5727691650     0.53303498029709          2
     3       266.4109798690       -29.0249209311      4.189256015E-05      5.462692654E-05            (     4157.9750,     4023.10)     0.26806599000975     0.39968737783420         73        27.5804729462         6.3250327110        12.4195270538     0.07770169526339        27.5804729462         6.3250327110        12.4195270538     0.07770169526339                  1.0                    0         5.9582128525         2.3270015717          0 ellipse      [        7.5836200714         5.0860671997]        90.3666763306     0.88963407278061          3
     4       266.4119305030       -29.0246954954      4.202188984E-05      2.640048562E-05     (     4151.8928571429,     4024.750)     0.26887561475542     0.19315453261424         50        28.8966045380         6.1647677422         9.1033964157     0.06602934002876        28.8966045380         6.1647677422         9.1033964157     0.06602934002876                  1.0                    0         6.9815220833         2.3223228455          0 ellipse      [        4.3443388939         2.9574677944]       165.2645111084     0.51449126005173          4
     5       266.4147418420       -29.0243984608      4.359226085E-05      2.548954488E-05 (     4133.9056603774,     4026.9245283019)     0.27891892063508     0.18649501114078        117        60.2581748962         9.2201900482        24.7418251038     0.10907410830259        60.2581748962         9.2201900482        24.7418251038     0.10907410830259                  1.0                    0         9.9617700577         2.3105561733          0 ellipse      [        6.0931935310         4.0708498955]         1.7157454491     0.71850079298019          5
     6       266.4159561537       -29.0242391026      3.537442797E-05      3.453809179E-05 (     4126.1363636364,     4028.0909090909)     0.22634106562055     0.25270884051952         53        32.8929100037         6.6336488724        11.1070880890     0.07276783138514        32.8929100037         6.6336488724        11.1070880890     0.07276783138514                  1.0                    0         7.4026241302         2.3047666550          0 ellipse      [        5.0952067375         4.4289178848]       108.9890289307     0.68703919649124          6
     7       266.4170261622       -29.0240597851      4.694278726E-05      2.257993449E-05 (     4119.2903225806,     4029.4032258065)     0.30035280743778     0.16520991821199         72        47.1320724487         7.8744592667        14.8679265976     0.08431105315685        47.1320724487         7.8744592667        14.8679265976     0.08431105315685                  1.0                    0         9.5178775787         2.3009154797          0 ellipse      [        7.1818294525         3.7402868271]       169.5333862305     0.75084114074707          7
     8        266.419442910       -29.0238086129       3.73926876E-05      1.844015934E-05 (     4103.8275862069,     4031.2413793103)     0.23924656566942     0.13492564045191         64        38.9681129456         7.1418352127        12.0318851471     0.07622815668583        38.9681129456         7.1418352127        12.0318851471     0.07622815668583                  1.0                    0         8.5172929764         2.2934703827          0 ellipse      [        3.8690650463         2.1728277206]       176.8827667236     0.42140653729439          8
     9       266.4212567623       -29.0236290120      2.315480629E-05       1.92743744E-05 (     4092.2222222222,     4032.5555555556)     0.14814814814827     0.14103283529357         59        33.1204643250         6.5577964783         9.8795375824     0.06852860003710        33.1204643250         6.5577964783         9.8795375824     0.06852860003710                  1.0                    0         7.7742142677         2.2912535667          0 ellipse      [        1.8945176601         1.7856596708]       163.1549682617     0.26758038997650          9
    10       266.4205412824       -29.0237869396      3.639416417E-05      2.461688359E-05              (     4096.80,     4031.40)     0.23285665595449     0.18012341448139         52        27.6971511841         6.0831294060         9.3028488159     0.06680855154991        27.6971511841         6.0831294060         9.3028488159     0.06680855154991                  1.0                    0         6.6410107613         2.2912378311          0 ellipse      [        3.9044299126         2.8557708263]       163.0204772949     0.48579055070877         10
    11       266.4222208095       -29.0235534883      3.728128075E-05      2.263908443E-05 (     4086.0540540541,     4033.1081081081)     0.23853076561409     0.16565510115970         61         37.197643280         6.8559927940         9.8023576736     0.06810829788446         37.197643280         6.8559927940         9.8023576736     0.06810829788446                  1.0                    0         8.7556018829         2.2896726131          0 ellipse      [        4.4204444885         2.9230811596]       166.5642852783     0.52330964803696         11
    12       266.4234448746       -29.0234315760      4.655052703E-05      2.479632637E-05       (     4078.2222222222,     4034.0)     0.29783550819320     0.18144368465073         40        21.0310688019         5.1964221001         5.9689311981     0.05293503776193        21.0310688019         5.1964221001         5.9689311981     0.05293503776193                  1.0                    0         5.8548278809         2.2875802517          0 ellipse      [        4.6506910324         2.8154265881]         4.1964626312     0.52727025747299         12
    13       266.4242923267       -29.0232128888      3.853933998E-05      2.892582884E-05              (     4072.80,     4035.60)     0.24657656011868     0.21166010488514         59        25.3987274170         5.8313007355         8.6012735367     0.06378997862339        25.3987274170         5.8313007355         8.6012735367     0.06378997862339                  1.0                    0         6.2589502335         2.2864720821          0 ellipse      [        3.7034642696         3.1692826748]         5.6549663544     0.49945619702339         13
    14       266.4254332688       -29.0232037416      5.082090013E-05      2.861337854E-05      (     4065.50,     4035.6666666667)     0.32515476866047     0.20937945965534         60        34.0773849487         6.4810342789         7.9226160049     0.06169169396162        34.0773849487         6.4810342789         7.9226160049     0.06169169396162                  1.0                    0         8.6382722855         2.2864272594          0 ellipse      [        6.3654098511         4.0021581650]         8.6496095657     0.73583710193634         14
    15       266.4265429481       -29.0231269036      4.940653156E-05      4.208446651E-05      (     4058.40,     4036.2285714286)     0.31609866710687     0.30795100136538         61        27.8822174072         5.9163661003         7.1177821159     0.05820888653398        27.8822174072         5.9163661003         7.1177821159     0.05820888653398                  1.0                    0         7.3278670311         2.2874352932          0 ellipse      [        6.3983621597         4.5175104141]        42.7629089355     0.78345477581024         15
    16       266.4285107329       -29.0228261358      4.291036657E-05      3.130523439E-05 (     4045.8095238095,     4038.4285714286)     0.27453566338772     0.22908106449631         53        23.8909378052         5.2916851044         4.1090626717     0.04393274709582        23.8909378052         5.2916851044         4.1090626717     0.04393274709582                  1.0                    0         7.4558334351         2.2916581631          0 ellipse      [        3.9005045891         2.9915428162]       156.8400268555     0.49686330556870         16
    17       266.4172648870       -29.0153923497      3.903366235E-05      2.924790896E-05 (     4117.7647058824,     4092.8235294118)     0.24977091070832     0.21400202209088         84        34.9256439209         7.8748455048        27.0743579865     0.11485542356968        34.9256439209         7.8748455048        27.0743579865     0.11485542356968                  1.0                    0         5.5659461021         2.2474060059          0 ellipse      [        4.7501320839         3.2465443611]        32.5139656067     0.58245277404785         17
    18       266.4095980943       -29.0134946887      4.840858634E-05      4.706234959E-05 (     4166.8235294118,     4106.7058823529)     0.30979005122754     0.34432977816687         68        23.0620002747         5.8313903809        10.9380006790     0.07150789350271        23.0620002747         5.8313903809        10.9380006790     0.07150789350271                  1.0                    0         5.2190971375         2.2771704197          0 ellipse      [        6.4641480446         4.8848595619]        56.3443908691     0.82255488634109         18
    19       266.4174021169       -29.0083040766        2.9117233E-06      2.505846357E-06 (     4116.8880116352,     4144.688967380)     0.01863302670517     0.01833495879418        246      4741.8198242188        70.7822875977       268.1801452637     0.36385697126389      4741.8198242188        70.7822875977       268.1801452637     0.36385697126389                  1.0                    0       272.5326538086         2.2346122265          0 ellipse      [        4.1420249939         3.5277118683]        42.0928497314     0.57020300626755         19
    20       266.4157164768       -29.0081824824       2.45632412E-05      1.820598031E-05 (     4127.6746987952,     4145.5783132530)     0.15718938129612     0.13320799466965        112       120.1197891235        14.8677387238       100.8802108765     0.22285914421082       120.1197891235        14.8677387238       100.8802108765     0.22285914421082                  1.0                    0        10.8399810791         2.2406382561          0 ellipse      [        4.3997058868         3.5149517059]        21.0102920532     0.58503049612045         20
    21       266.4086660083       -29.0062864826      1.895711779E-05      1.800015186E-05 (     4172.7931034483,     4159.4482758621)     0.12132497973289     0.13169618270149         74        56.5984954834         8.2465372086        11.4015064240     0.07333038002253        56.5984954834         8.2465372086        11.4015064240     0.07333038002253                  1.0                    0        12.6169729233         2.2923810482          0 ellipse      [        3.0243482590         2.7550926208]        75.8362808228     0.41973572969437         21
    22       266.4158313072       -29.0057663411      1.841295881E-05      1.929442893E-05 (     4126.9405940594,     4163.2574257426)     0.11783574439141     0.14117399936822        100        124.905746460        14.0012273788         71.094253540     0.18537294864655        124.905746460        14.0012273788         71.094253540     0.18537294864655                  1.0                    0        13.1811351776         2.2500917912          0 ellipse      [        4.3204321861         3.4744827747]           106.781250     0.57396733760834         22
    23       266.4162065189       -28.9838354777      5.066915088E-05      1.835346883E-05 (     4124.5454545455,     4323.7272727273)     0.32432094000524     0.13428162652235         37         8.5946273804         3.3168284893         2.4053726196     0.03676214814186         8.5946273804         3.3168284893         2.4053726196     0.03676214814186                  1.0                    0         3.0956716537         2.5883777142          0 ellipse      [        3.2285399437         1.3322449923]       178.0274047852     0.26708298921585         23
    24       266.4093586316       -29.0249701248      7.290361401E-05      3.906894034E-05 (     4168.3478260870,     4022.7391304348)     0.46647269820460     0.28582580688180        105        33.1906356812         6.7827877998        12.8093652725     0.07880449295044        33.1906356812         6.7827877998        12.8093652725     0.07880449295044                  1.0                    0         7.0885257721         2.3334050179          0 ellipse      [        9.6423540115         5.5616884232]       167.5361633301         1.0461248159         24
    25       266.4304606540       -29.0226264306      8.328670259E-05      3.200711797E-05 (     4033.3333333333,     4039.8888888889)     0.53287016925697     0.23424278964239         63        15.3919334412         4.2427887917         2.6080665588     0.03547193109989        15.3919334412         4.2427887917         2.6080665588     0.03547193109989                  1.0                    0         5.4340400696         2.2998058796          0 ellipse      [        6.8801083565         2.7482712269]       169.4410400391     0.63025313615799         25
    26       266.4076152934       -28.9858476529      8.444182646E-05      4.274301846E-05       (     4179.5333333333,     4309.0)     0.54050730628478     0.31269438398795         58        10.2547540665         3.8732860088         4.7452459335     0.04842448234558        10.2547540665         3.8732860088         4.7452459335     0.04842448234558                  1.0                    0         3.0664350986         2.5919539928          0 ellipse      [        6.2974362373         3.6030950546]         5.1831612587     0.61259186267853         26
