 
--------------------------------------------------------------------------------
Data for Table Block SRCLIST
--------------------------------------------------------------------------------
 
ROW    RA                   DEC                  RA_ERR               DEC_ERR              POS(X,Y)                                 X_ERR                Y_ERR                NPIXSOU    NET_COUNTS           NET_COUNTS_ERR       BKG_COUNTS           BKG_COUNTS_ERR       NET_RATE             NET_RATE_ERR         BKG_RATE             BKG_RATE_ERR         EXPTIME              EXPTIME_ERR          SRC_SIGNIFICANCE     PSF_SIZE             MULTI_CORREL_MAX SHAPE        R[2]                                     ROTANG               PSFRATIO             COMPONENT
 
     1       266.4217683118       -29.0363827527      4.554573246E-05      4.526358329E-05 (     4094.3636363636,     3936.3636363636)     0.29137359609604     0.33119776709918         58        17.7320308685         4.6906285286         4.2679700851     0.04467507824302        17.7320308685         4.6906285286         4.2679700851     0.04467507824302                  1.0                    0         5.4727091789         2.4613873959          0 ellipse      [        4.7366533279         4.0116133690]       109.6447067261     0.59032899141312          1
     2       266.4226787535       -29.0271391119      4.373322179E-05       4.20508841E-05       (     4088.5384615385,     4004.0)     0.27980095662815     0.30769230769238         39         8.8331832886         3.6058113575         4.1668167114     0.04330655559897         8.8331832886         3.6058113575         4.1668167114     0.04330655559897                  1.0                    0         2.7454502583         2.3289909363          0 ellipse      [        3.7027227879         2.5547072887]       127.2606811523     0.44019198417664          2
     3       266.4139881160       -29.0229998649      2.419709574E-05      1.873437678E-05 (     4144.1428571429,     4034.2857142857)     0.15482730172425     0.13707103183424         39        27.3822517395         5.9163904190         7.6177492142     0.06064847856760        27.3822517395         5.9163904190         7.6177492142     0.06064847856760                  1.0                    0         7.0342454910         2.3081042767          0 ellipse      [        2.1294186115         1.8834035397]         3.5625081062     0.28921815752983          3
     4       266.4181648443       -29.0221397234      3.326974485E-05      2.701528521E-05 (     4117.4193548387,     4040.5806451613)     0.21287484438653     0.19766689913695         30        24.8715610504         5.5680294037         6.1284389496     0.05433756485581        24.8715610504         5.5680294037         6.1284389496     0.05433756485581                  1.0                    0         6.8655185699         2.2870619297          0 ellipse      [        3.5692691803         3.2870261669]        12.9104957581     0.49922010302544          4
     5       266.4187745192       -29.0219103261       3.31212392E-05      2.734579044E-05 (     4113.5185185185,     4042.2592592593)     0.21192416773010     0.20008635030717         29        21.2140941620         5.1964182854         5.7859053612     0.05254135653377        21.2140941620         5.1964182854         5.7859053612     0.05254135653377                  1.0                    0         5.9648098946         2.2841877937          0 ellipse      [        3.4938011169         2.9043638706]        35.8418388367     0.46485930681229          5
     6       266.4194242883       -29.0218356769      3.841677858E-05      3.553984907E-05 (     4109.3611111111,     4042.8055555556)     0.24580673986020     0.26004345685124         43        27.5497169495         6.0003352165         8.4502830505     0.06341544538736        27.5497169495         6.0003352165         8.4502830505     0.06341544538736                  1.0                    0         6.8307394981         2.2822673321          0 ellipse      [        5.1472873688         3.8718912601]        50.8516921997     0.65202313661575          6
     7       266.4209512882       -29.0215730563      3.633462347E-05      3.326940349E-05 (     4099.5909090909,     4044.7272727273)     0.23248163043536     0.24343367663732         51        34.3964538574         6.6335964203         9.6035442352     0.06781323999166        34.3964538574         6.6335964203         9.6035442352     0.06781323999166                  1.0                    0         8.1552782059         2.2781274319          0 ellipse      [        5.5190787315         3.7959985733]       131.3057556152     0.66972583532333          7
     8       266.4216852570       -29.0212912228      2.824405721E-05      1.924422969E-05 (     4094.8947368421,     4046.7894736842)     0.18071475269016     0.14081180085486         47        24.3344516754         5.7449231148         8.6655473709     0.06434123218060        24.3344516754         5.7449231148         8.6655473709     0.06434123218060                  1.0                    0         5.9812202454         2.2759582996          0 ellipse      [        2.4646520615         1.7031029463]       156.8634796143     0.30006316304207          8
     9       266.4229623565       -29.0210908822      4.009829138E-05      2.034090021E-05 (     4086.7234042553,     4048.2553191489)     0.25656103582969     0.14883913284575         41        39.6182403564         6.8559088707         7.3817615509     0.05903709307313        39.6182403564         6.8559088707         7.3817615509     0.05903709307313                  1.0                    0        10.2861118317         2.2754752636          0 ellipse      [        5.3311095238         2.9653658867]         9.8757143021     0.58244454860687          9
    10       266.4238345373       -29.0208979853      3.393134426E-05      2.285452289E-05 (     4081.1428571429,     4049.6666666667)     0.21710167887386     0.16723259925175         41        34.5778884888         6.4810147285         7.4221100807     0.05958279967308        34.5778884888         6.4810147285         7.4221100807     0.05958279967308                  1.0                    0         8.9610433578         2.2730412483          0 ellipse      [        4.3967313766         3.0094037056]        22.5804710388     0.53342896699905         10
    11       266.4247555264       -29.0207259936      3.570446665E-05      2.286145218E-05           (     4075.250,     4050.9250)     0.22844583603137     0.16728531017361         63        45.8482208252         7.5501928329        11.1517791748     0.07357046753168        45.8482208252         7.5501928329        11.1517791748     0.07357046753168                  1.0                    0        10.3032131195         2.2716257572          0 ellipse      [        4.5899200439         2.7918648720]       155.5153045654     0.52528101205826         11
    12       266.4262359251       -29.0204575510      3.984304044E-05      2.447088124E-05 (     4065.7777777778,     4052.8888888889)     0.25492407218417     0.17906555190575         36        30.2218837738         6.0002322197         5.7781157494     0.05279130488634        30.2218837738         6.0002322197         5.7781157494     0.05279130488634                  1.0                    0         8.5011911392         2.2700612545          0 ellipse      [        4.6290426254         3.1648707390]        10.4086103439     0.56203681230545         12
    13       266.4273061087       -29.0202007731      3.267053563E-05      2.100285919E-05 (     4058.9302325581,     4054.7674418605)     0.20903173422676     0.15368982305790         67        58.2263832092         8.2464990616         9.7736148834     0.06886482238770        58.2263832092         8.2464990616         9.7736148834     0.06886482238770                  1.0                    0        13.7196550369         2.2694902420          0 ellipse      [        4.1611437798         2.9556255341]       167.4444274902     0.51508808135986         13
    14       266.4287493465       -29.0198480501      2.952021106E-05       3.81466888E-05 (     4049.6956521739,     4057.3478260870)     0.18886570787072     0.27913379147503         40        18.3709392548         4.7960648537         4.6290607452     0.04733071848750        18.3709392548         4.7960648537         4.6290607452     0.04733071848750                  1.0                    0         5.5346155167         2.2704441547          0 ellipse      [        4.0287890434         2.6983599663]        83.8537292480     0.48406660556793         14
    15       266.4297801578       -29.0196905266      4.804670732E-05      2.978284875E-05              (     4043.10,     4058.50)     0.30740852297868     0.21794494717687         85        41.9558296204         7.0002412796         7.0441722870     0.05809586122632        41.9558296204         7.0002412796         7.0441722870     0.05809586122632                  1.0                    0        11.0648708344         2.2716708183          0 ellipse      [        4.3169698715         2.6313061714]       158.1226806641     0.49454811215401         15
    16       266.4173523422       -29.0082786498      2.935122438E-06      2.560854128E-06 (     4122.6214797971,     4142.0029735875)     0.01878291862704     0.01873730811167        303      5578.6923828125        76.9036102295       335.3074951172     0.40655902028084      5578.6923828125        76.9036102295       335.3074951172     0.40655902028084                  1.0                    0       288.5748901367         2.2347052097          0 ellipse      [        4.5543050766         3.9338643551]        44.5209960938     0.63136315345764         16
    17       266.4086319379       -29.0062262709      1.597950438E-05        1.5358499E-05 (     4178.4262295082,     4157.0163934426)     0.10226937569314     0.11236817838471         76        62.2474975586         8.6605978012        12.7525033951     0.07712942361832        62.2474975586         8.6605978012        12.7525033951     0.07712942361832                  1.0                    0        13.3161821365         2.2926659584          0 ellipse      [        2.757351160         2.2518942356]        59.0169258118     0.36229136586189         17
    18       266.4158016564       -29.0056605914      1.756179415E-05      1.875145802E-05 (     4132.5454545455,     4161.1590909091)     0.11238985759428     0.13720042839122         96       105.0568466187        13.0011777878        63.9431571960     0.17501856386662       105.0568466187        13.0011777878        63.9431571960     0.17501856386662                  1.0                    0        11.6172122955         2.2493948936          0 ellipse      [        4.0944695473         2.8544750214]       117.6534042358     0.50661140680313         18
    19       266.4236138626       -28.9980102501      8.402305491E-05      4.147214777E-05 (     4082.5517241379,     4217.1379310345)     0.53772367112106     0.30346448989167         76        20.5630416870         5.3855400085         8.4369583130     0.06356289237738        20.5630416870         5.3855400085         8.4369583130     0.06356289237738                  1.0                    0         5.1012268066         2.2790501118          0 ellipse      [        8.8047494888         4.6882147789]        11.0933961868     0.93969547748566         19
    20       266.4147919241       -29.0227732137      3.007747904E-05      1.688445218E-05       (     4139.0,     4035.9444444444)     0.19245008973030     0.12353392651994         81        39.4688568115         7.4838471413        16.5311431885     0.08925685286522        39.4688568115         7.4838471413        16.5311431885     0.08925685286522                  1.0                    0         7.6533646584         2.3020915985          0 ellipse      [        2.4636349678         1.550072670]       172.0869293213     0.28295692801476         20
    21       266.4318665617       -29.0192632983       4.58192215E-05       3.36250436E-05           (     4029.750,     4061.6250)     0.29315098498910     0.24606274606276         77        14.9295330048         4.2428050041         3.0704674721     0.03732054308057        14.9295330048         4.2428050041         3.0704674721     0.03732054308057                  1.0                    0         5.0529766083         2.2829239368          0 ellipse      [        3.0967845917     0.97816139459610]       141.1125640869     0.25412538647652         21
    22       266.4146147174       -29.0092244883      3.221427176E-05      2.818067653E-05 (     4140.1395348837,     4135.0813953488)     0.20615383229051     0.20618814773388        108        64.5168914795        11.9598274231        78.4831085205     0.19359216094017        64.5168914795        11.9598274231        78.4831085205     0.19359216094017                  1.0                    0         6.5160031319         2.2472603321          0 ellipse      [        5.7810783386         5.6902689934]       134.6988067627     0.85073870420456         22
    23       266.4066179957       -28.9851512713      7.363727167E-05      9.055501654E-05 (     4191.3333333333,     4311.2222222222)     0.47140452079111     0.66253865999988         55         5.6988492012         3.0002677441         3.3011507988     0.04007636010647         5.6988492012         3.0002677441         3.3011507988     0.04007636010647                  1.0                    0         1.8915790319         2.6050322056          0 ellipse      [        6.6234793663         3.1120853424]       119.5500564575     0.58094429969788         23
