 
--------------------------------------------------------------------------------
Data for Table Block SRCLIST
--------------------------------------------------------------------------------
 
ROW    RA                   DEC                  RA_ERR               DEC_ERR              POS(X,Y)                                 X_ERR                Y_ERR                NPIXSOU    NET_COUNTS           NET_COUNTS_ERR       BKG_COUNTS           BKG_COUNTS_ERR       NET_RATE             NET_RATE_ERR         BKG_RATE             BKG_RATE_ERR         EXPTIME              EXPTIME_ERR          SRC_SIGNIFICANCE     PSF_SIZE             MULTI_CORREL_MAX SHAPE        R[2]                                     ROTANG               PSFRATIO             COMPONENT
 
     1       266.4226346492       -29.0269977328      5.433623625E-05      5.155943862E-05        (     4079.93750,     3963.18750)     0.34763430408248     0.37727176461385         47        11.2964553833         4.0002779961         4.7035446167     0.04717591777444        11.2964553833         4.0002779961         4.7035446167     0.04717591777444                  1.0                    0         3.3869559765         2.3989417553          0 ellipse      [        4.8792958260         3.7537860870]        54.2830314636     0.59466499090195          1
     2       266.4094585107       -29.0133317323      3.574986926E-05      2.364893131E-05 (     4164.2471910112,     4063.1797752809)     0.22877292916473     0.17302042686015         86        69.5896987915         9.4344539642        19.4103012085     0.09447044879198        69.5896987915         9.4344539642        19.4103012085     0.09447044879198                  1.0                    0        12.6756677628         2.2931597233          0 ellipse      [        6.5583624840         4.7842082977]        13.4590320587     0.81423020362854          2
     3       266.4236068035       -29.0116429130      4.966573681E-05      3.481942369E-05 (     4073.7142857143,     4075.5396825397)     0.31780027149398     0.25478578420007         87        33.8250122070         7.9381098747        29.1749858856     0.11655994504690        33.8250122070         7.9381098747        29.1749858856     0.11655994504690                  1.0                    0         5.2276754379         2.2497918606          0 ellipse      [        7.5779490471         6.0536971092]         5.0344161987         1.0035120249          3
     4       266.4242379943       -29.0103465681      3.511397824E-05      2.958318425E-05          (     4069.6750,     4085.0250)     0.22468728268404     0.21647026354685         44        23.2874393463           6.32517910        16.7125606537     0.08882714807987        23.2874393463           6.32517910        16.7125606537     0.08882714807987                  1.0                    0         4.4966664314         2.2437410355          0 ellipse      [        4.9144873619         3.3002371788]        42.1761436462     0.59829819202423          4
     5       266.4172244223       -29.0081303757      3.780188365E-06      3.303318739E-06 (     4114.5553447185,     4101.2413029728)     0.02419058134365     0.02417004689960        245      3199.8503417969        59.9265670776       391.1495971680     0.43963438272476      3199.8503417969        59.9265670776       391.1495971680     0.43963438272476                  1.0                    0       153.8651885986         2.2416851521          0 ellipse      [        4.6982359886         3.3473367691]        44.9255104065     0.58968657255173          5
     6       266.4156369964       -29.0081766085      1.834737708E-05      1.815988384E-05 (     4124.7135135135,     4100.9027027027)     0.11741259947848     0.13287280875375         54       105.3011398315        13.6029205322        79.6988601685     0.19860403239727       105.3011398315        13.6029205322        79.6988601685     0.19860403239727                  1.0                    0        10.5625104904         2.2455775738          0 ellipse      [        5.5271401405         4.6690282822]        68.7107162476     0.75407433509827          6
     7       266.4085462097       -29.0061019604      2.014271007E-05       2.22645437E-05            (     4170.090,     4116.080)     0.12891470048089     0.16289874155427         71        79.8106613159        10.0004720688        20.1893405914     0.09721418470144        79.8106613159        10.0004720688        20.1893405914     0.09721418470144                  1.0                    0        14.3133678436         2.2758836746          0 ellipse      [        4.9362668991         3.8043093681]       102.7825393677     0.63469624519348          7
     8       266.4157347664       -29.0059545708      1.549797031E-05      1.679812216E-05 (     4124.0884615385,     4117.1615384615)     0.09918047209339     0.12290946447956        160       391.2787780762        24.1058444977       189.7212219238     0.30281755328178       391.2787780762        24.1058444977       189.7212219238     0.30281755328178                  1.0                    0        26.4357337952         2.2389495373          0 ellipse      [        5.9891748428         4.7431612015]       101.3779220581     0.79350906610489          8
     9       266.4205416621       -29.0005218306      4.074964028E-05      2.432469564E-05 (     4093.3275862069,     4156.9137931034)     0.26078169675338     0.17798663051235         56        36.9332008362         7.6164178848        21.0667991638     0.09908990561962        36.9332008362         7.6164178848        21.0667991638     0.09908990561962                  1.0                    0         6.5128207207         2.2263050079          0 ellipse      [        6.1524353027         3.7661392689]        18.3779563904     0.72071874141693          9
    10       266.4192788545       -29.0003050477      3.996397965E-05      2.863669599E-05      (     4101.4090909091,     4158.50)     0.25575641703290     0.20953510130221         44        25.8049545288         6.6339044571        18.1950454712     0.09320980310440        25.8049545288         6.6339044571        18.1950454712     0.09320980310440                  1.0                    0          4.821021080         2.2273309231          0 ellipse      [        5.2224411964         4.0019202232]       159.5761871338     0.68417149782181         10
    11       266.4232089983       -28.9979992511      4.010322823E-05      4.315886172E-05 (     4076.2571428571,     4175.3714285714)     0.25664350607985     0.31580338570984        109        36.1399841309         7.2806534767        16.8600139618     0.08898491412401        36.1399841309         7.2806534767        16.8600139618     0.08898491412401                  1.0                    0         6.9547734261         2.2442021370          0 ellipse      [        5.8405098915         4.2487306595]       114.1875839233     0.73989778757095         11
    12       266.4214434362       -28.9887870805      4.330472541E-05      6.715096647E-05 (     4087.5555555556,     4242.7777777778)     0.27715980642779     0.49135182079408         38         6.9379205704         3.0001597404         2.0620794296     0.03096848912537         6.9379205704         3.0001597404         2.0620794296     0.03096848912537                  1.0                    0         2.5917494297         2.3289501667          0 ellipse      [        4.4893841743         2.3713302612]       101.7143478394     0.46699041128159         12
    13       266.4077441715       -28.9855867929        3.6298211E-05      3.752317583E-05 (     4175.2380952381,     4266.1904761905)     0.23235716022555     0.27453566338772        118        33.7676010132         7.0005307198        15.2323980331     0.08621153980494        33.7676010132         7.0005307198        15.2323980331     0.08621153980494                  1.0                    0         6.7564945221         2.4270882607          0 ellipse      [        3.7807648182         3.1866590977]        83.7355957031     0.47670620679855         13
    14       266.4160619850       -28.9836453261      6.587278892E-05      2.823169734E-05               (     4122.0,     4280.40)     0.42163702135622     0.20655911179801         40        11.4479904175         3.8732094765         3.5520098209     0.04185717180371        11.4479904175         3.8732094765         3.5520098209     0.04185717180371                  1.0                    0         3.7239787579         2.4167785645          0 ellipse      [        4.9169030190         2.3630626202]         5.5824398994     0.47013798356056         14
    15       266.4084331688       -28.9783581651       7.09043818E-05      4.684845394E-05 (     4170.8333333333,     4319.0833333333)     0.45389262884419     0.34274896331317         52         8.9920949936         3.4643182755         3.0079050064     0.03873937577009         8.9920949936         3.4643182755         3.0079050064     0.03873937577009                  1.0                    0         3.0600640774         2.6079900265          0 ellipse      [        5.1242566109         2.9460985661]       151.4777679443     0.49660590291023         15
    16       266.4144982977       -29.0088098440      2.471637288E-05      2.162810549E-05       (     4132.0,     4096.2689655172)     0.15817027505091     0.15824698779943        119       108.5714187622        15.7183542252       138.4285736084     0.25819593667984       108.5714187622        15.7183542252       138.4285736084     0.25819593667984                  1.0                    0         8.4838676453         2.2522561550          0 ellipse      [        5.7315788269         5.6988801956]        47.4308662415     0.84584903717041         16
    17       266.4119868986       -29.0073919523      3.689839741E-05      2.229333051E-05 (     4148.0714285714,     4106.6428571429)      0.2361313564370     0.16310578942011         44        26.8655033112         7.4841971397        29.1344966888     0.11492428928614        26.8655033112         7.4841971397        29.1344966888     0.11492428928614                  1.0                    0         4.1544561386         2.2581579685          0 ellipse      [        2.7732291222         1.6391311884]       158.6155853271     0.31471985578537         17
    18       266.4139964934       -29.0003097955      4.127764799E-05      3.552374878E-05 (     4135.2142857143,     4158.4642857143)     0.26417537685757     0.25991630745466         80        26.8559417725         7.4842185974        29.1440582275     0.11631707847118        26.8559417725         7.4842185974        29.1440582275     0.11631707847118                  1.0                    0         4.1524157524         2.2490134239          0 ellipse      [        4.4677429199         3.8275632858]        41.9598426819     0.61290335655212         18
    19       266.4006118351       -28.9807926902      5.682754539E-05      8.064794503E-05 (     4220.8947368421,     4301.2631578947)     0.36384174242357     0.59004720813573         79        15.0807867050         4.3591260910         3.9192137718     0.04450722783804        15.0807867050         4.3591260910         3.9192137718     0.04450722783804                  1.0                    0         4.7711377144         2.6270022392          0 ellipse      [        7.7441291809         4.7117099762]        83.8258361816     0.76646769046783         19
    20       266.4130428463       -29.0224185860      8.221553674E-05      5.639185409E-05 (     4141.3076923077,     3996.6923076923)     0.52606179339364     0.41259197123691         33         7.5205860138         3.6059122086         5.4794139862     0.05101498216391         7.5205860138         3.6059122086         5.4794139862     0.05101498216391                  1.0                    0         2.1512715816         2.3476343155          0 ellipse      [        6.2933406830         3.5622632504]        31.2104854584     0.67228269577026         20
    21       266.4182202812       -29.0158539769      4.410294036E-05      3.553875377E-05 (     4108.1818181818,     4044.7272727273)     0.28220448064440     0.26003525161241         50        14.5547456741         5.7453250885        18.4452533722     0.09358826279640        14.5547456741         5.7453250885        18.4452533722     0.09358826279640                  1.0                    0         2.7047202587         2.2785706520          0 ellipse      [        3.3249912262         1.8769510984]        40.4548606873     0.36545842885971         21
    22       266.4146006276       -29.0130491068      3.494952296E-05      3.252711073E-05         (     4131.343750,     4065.250)     0.22364773763002     0.23799290955822         61        22.9313678741         7.8114237785        38.0686302185     0.13542579114437        22.9313678741         7.8114237785        38.0686302185     0.13542579114437                  1.0                    0         3.1714949608         2.2688884735          0 ellipse      [        4.0391941071         3.7950868607]        87.8915252686     0.57520651817322         22
    23       266.4226737414       -29.0074656383       3.34628599E-05      2.582880825E-05 (     4079.6842105263,     4106.1052631579)     0.21413118651571     0.18899601222620         59        27.9830722809         8.1864910126        39.0169258118     0.13651502132416        27.9830722809         8.1864910126        39.0169258118     0.13651502132416                  1.0                    0         3.8300960064         2.2302374840          0 ellipse      [        4.3003363609         3.0666947365]       146.2071685791     0.54276782274246         23
    24       266.4122593479       -28.9962731591      9.449318986E-05      3.945774414E-05       (     4146.3333333333,     4188.0)     0.60476502936399      0.2886751345950         26         6.8553929329         3.4644453526         5.1446070671     0.04879560694098         6.8553929329         3.4644453526         5.1446070671     0.04879560694098                  1.0                    0         1.9998923540         2.2792334557          0 ellipse      [        6.2863688469         2.9969265461]         1.4077783823     0.63478684425354         24
