 
--------------------------------------------------------------------------------
Data for Table Block SRCLIST
--------------------------------------------------------------------------------
 
ROW    RA                   DEC                  RA_ERR               DEC_ERR              POS(X,Y)                                 X_ERR                Y_ERR                NPIXSOU    NET_COUNTS           NET_COUNTS_ERR       BKG_COUNTS           BKG_COUNTS_ERR       NET_RATE             NET_RATE_ERR         BKG_RATE             BKG_RATE_ERR         EXPTIME              EXPTIME_ERR          SRC_SIGNIFICANCE     PSF_SIZE             MULTI_CORREL_MAX SHAPE        R[2]                                     ROTANG               PSFRATIO             COMPONENT
 
     1       266.4083606216       -29.0299113590      5.931273427E-05       4.91968963E-05    (     4169.2916666667,     3945.8750)     0.37950610569442     0.35994067798265         74        15.8763275146         4.8993849754         8.1236724854     0.06301957368851        15.8763275146         4.8993849754         8.1236724854     0.06301957368851                  1.0                    0         3.9901587963         2.4717180729          0 ellipse      [        6.6489467621         3.8581411839]        41.9411659241     0.68303871154785          1
     2       266.4068077644       -29.0289995906      6.882373276E-05      6.675570273E-05 (     4179.2272727273,     3952.5454545455)     0.44037839749762     0.48840807659826         72        15.4033641815         4.6907539368         6.5966362953     0.05630738660693        15.4033641815         4.6907539368         6.5966362953     0.05630738660693                  1.0                    0         4.1513266563         2.4655473232          0 ellipse      [        7.9906215668         4.6669192314]        51.0597610474     0.82560217380524          2
     3       266.4082503112       -29.0262726001      4.911436429E-05      4.832314556E-05               (     4170.0,     3972.50)     0.31426968052710     0.35355339059333         51        11.9095134735         4.2429943085         6.0904865265     0.05478378385305        11.9095134735         4.2429943085         6.0904865265     0.05478378385305                  1.0                    0         3.2940773964         2.4139955044          0 ellipse      [        5.3243112564         2.8109984398]       129.0015563965     0.53420048952103          3
     4       266.4144245170       -29.0179135402      4.695538928E-05        4.9207478E-05      (     4130.50,     4033.6666666667)     0.30046260628842     0.36004114991147         27         7.5451135635         3.4643971920         4.4548864365       0.045250646770         7.5451135635         3.4643971920         4.4548864365       0.045250646770                  1.0                    0         2.2993426323         2.3007876873          0 ellipse      [        3.7416574955         3.1224989891]                 90.0     0.49520540237427          4
     5       266.4088543241       -29.0153686031        4.4245151E-05      5.926817676E-05 (     4166.1428571429,     4052.2857142857)     0.28315177399054     0.43364345634427         41         9.0356988907         3.7419745922         4.9643015862     0.04872893542051         9.0356988907         3.7419745922         4.9643015862     0.04872893542051                  1.0                    0         2.6650357246         2.3103489876          0 ellipse      [        4.9899783134         2.9826219082]       105.9329910278     0.55660820007324          5
     6       266.4097819491       -29.0136253612      4.217604896E-05      3.269454945E-05 (     4160.2083333333,     4065.0416666667)     0.26989688531739     0.23920562013427         47        19.2874622345         5.1964983940         7.7125368118     0.05997905135155        19.2874622345         5.1964983940         7.7125368118     0.05997905135155                  1.0                    0         4.9340615273         2.2955536842          0 ellipse      [        4.7706127167         2.3097622395]        39.4155693054     0.48201665282249          6
     7       266.4172004012       -29.0080826218      1.307930091E-05      1.267785138E-05 (     4112.7399193548,     4105.6008064516)     0.08369848882467     0.09276296389908        180       486.8864135742        25.2204875946       149.1135864258     0.27012279629707       486.8864135742        25.2204875946       149.1135864258     0.27012279629707                  1.0                    0        36.7686805725         2.2421708107          0 ellipse      [        6.9805202484         4.5779013634]        52.4495735168     0.84040218591690          7
     8       266.4157217906       -29.0081814798      2.694359091E-05      2.104977711E-05 (     4122.2017543860,     4104.8771929825)     0.17242134563639     0.15401687883241         59        68.5410461426        10.6781187057        45.4589538574     0.14907042682171        68.5410461426        10.6781187057        45.4589538574     0.14907042682171                  1.0                    0         8.7898864746         2.2468266487          0 ellipse      [        5.6077394485         4.8366608620]        20.0286350250     0.77263772487640          8
     9       266.4157599550       -29.0063604676      1.775347147E-05      1.684649564E-05 (     4121.9579831933,     4118.2016806723)     0.11361329495230     0.12326320824286         98       140.0823059082        14.6982021332        75.9177017212     0.19270223379135       140.0823059082        14.6982021332        75.9177017212     0.19270223379135                  1.0                    0        14.3585653305         2.2447068691          0 ellipse      [        4.3614907265         3.3278260231]       126.0302734375     0.56573998928070          9
    10       266.4086103762       -29.0061737179      1.262907819E-05      1.047772522E-05 (     4167.7101449275,     4119.5652173913)     0.08082416427987     0.07665866766001        101       132.4412994385        12.1246356964        14.5587053299     0.08239246159792       132.4412994385        12.1246356964        14.5587053299     0.08239246159792                  1.0                    0        26.9593238831         2.2822670937          0 ellipse      [        2.8874161243         2.6598732471]       155.1005401611     0.40475985407829         10
    11       266.4157846720       -29.0055953647      1.403221745E-05      1.330138533E-05              (     4121.80,     4123.80)     0.08979977728268     0.09732420048476         99       146.4585266113        14.5269088745        64.5414810181     0.17633154988289       146.4585266113        14.5269088745        64.5414810181     0.17633154988289                  1.0                    0        16.1292343140         2.2446336746          0 ellipse      [        3.3830051422         2.8780682087]       119.9657058716     0.46337771415710         11
    12       266.4189015542       -29.0044092672      2.435737991E-05      2.205081212E-05 (     4101.8541666667,     4132.4791666667)     0.15587338871683     0.16134628728651         63        44.3659706116         9.0009784698        36.6340293884     0.13271716237068        44.3659706116         9.0009784698        36.6340293884     0.13271716237068                  1.0                    0         6.2362132072         2.2302417755          0 ellipse      [        3.4632565975         3.1221854687]       125.2468185425     0.49147164821625         12
    13       266.4200682926       -29.0041818984      2.462679907E-05      2.049567241E-05 (     4094.3877551020,     4134.1428571429)     0.15759628864998     0.14996875976249         62        42.5338821411          8.544842720        30.4661159515     0.11971239000559        42.5338821411          8.544842720        30.4661159515     0.11971239000559                  1.0                    0         6.4571108818         2.2257406712          0 ellipse      [        3.3099231720         3.1489224434]         2.8963983059     0.48349738121033         13
    14       266.4071481866       -29.0006182170      6.781797185E-05      6.927951067E-05 (     4177.0714285714,     4160.2142857143)     0.43406345010499     0.50687690640916         47        10.3210477829         3.7418868542         3.6789517403     0.04143496230245        10.3210477829         3.7418868542         3.6789517403     0.04143496230245                  1.0                    0         3.3245363235         2.3021192551          0 ellipse      [        6.9506950378         2.7928631306]        51.1516990662     0.63795471191406         14
    15       266.4233362048       -28.9978895327      4.182935072E-05      4.281232472E-05 (     4073.4736842105,     4180.1842105263)     0.26768951426266     0.31326902751152         67        24.5906200409         6.1649370193        13.4093809128     0.08028813451529        24.5906200409         6.1649370193        13.4093809128     0.08028813451529                  1.0                    0         5.1629562378         2.2500672340          0 ellipse      [        5.8710265160         4.8580851555]        73.2187576294     0.79117548465729         15
    16       266.4235475274       -28.9925300360      4.534669068E-05       4.50780137E-05             (     4072.120,     4219.40)     0.29021371435556     0.32984845005012         56        18.9036502838         5.0002789497         6.0963497162     0.05279428139329        18.9036502838         5.0002789497         6.0963497162     0.05279428139329                  1.0                    0         5.2269797325         2.2897057533          0 ellipse      [        5.1464562416         4.1163558960]        62.7085266113     0.67005378007889         16
    17       266.4161002103       -28.9836623277      4.513190595E-05       4.86710806E-05 (     4119.7857142857,     4284.2857142857)     0.28888546258895     0.35612098707315         48        10.5604362488         3.7418854237         3.4395635128     0.04131541028619        10.5604362488         3.7418854237         3.4395635128     0.04131541028619                  1.0                    0         3.4660265446         2.4353430271          0 ellipse      [        4.6853613853         2.1312634945]        54.1457939148     0.43252253532410         17
    18       266.4242628825       -28.9811782722      5.270423503E-05      7.376105651E-05 (     4067.5384615385,     4302.4615384615)     0.33733000742586     0.53972801188138         44         8.8554630280         3.6058344841         4.1445369720     0.04518840461969         8.8554630280         3.6058344841         4.1445369720     0.04518840461969                  1.0                    0         2.7566845417         2.4895591736          0 ellipse      [        5.8442130089         3.6389043331]        86.6365585327     0.61745399236679         18
