 
--------------------------------------------------------------------------------
Data for Table Block SRCLIST
--------------------------------------------------------------------------------
 
ROW    RA                   DEC                  RA_ERR               DEC_ERR              POS(X,Y)                                 X_ERR                Y_ERR                NPIXSOU    NET_COUNTS           NET_COUNTS_ERR       BKG_COUNTS           BKG_COUNTS_ERR       NET_RATE             NET_RATE_ERR         BKG_RATE             BKG_RATE_ERR         EXPTIME              EXPTIME_ERR          SRC_SIGNIFICANCE     PSF_SIZE             MULTI_CORREL_MAX SHAPE        R[2]                                     ROTANG               PSFRATIO             COMPONENT
 
     1       266.4217078763       -29.0361013619      3.679210135E-05       4.75556536E-05         (     4041.906250,     3877.250)     0.23534953642820     0.34798527267685         87        27.6322059631         5.6570439339         4.3677940369     0.04633504897356        27.6322059631         5.6570439339         4.3677940369     0.04633504897356                  1.0                    0         8.4702796936         2.5766289234          0 ellipse      [        6.0757541656         3.7299277782]       107.3247299194     0.61585313081741          1
     2       266.4200753201       -29.0300806957      4.863983872E-05      7.002012201E-05 (     4052.3478260870,     3921.3043478261)     0.31115794257175     0.51236057205688         72        16.6525821686         4.7961430550         6.3474187851     0.05468323081732        16.6525821686         4.7961430550         6.3474187851     0.05468323081732                  1.0                    0         4.5447969437         2.4106943607          0 ellipse      [        7.8875303268         3.4883689880]        66.6321487427     0.72530108690262          2
     3       266.4068189234       -29.0288540502      4.566827073E-05      3.045889448E-05            (     4137.160,     3930.280)     0.29219171788372     0.22285421243487         47        19.2071132660         5.0002770424         5.7928862572     0.05263897776604        19.2071132660         5.0002770424         5.7928862572     0.05263897776604                  1.0                    0         5.3984313011         2.3823664188          0 ellipse      [        4.7409725189         2.8119707108]        28.2649078369     0.51086872816086          3
     4       266.4082507807       -29.0261112104      3.984654251E-05      3.651345741E-05              (     4128.0,     3950.350)       0.254950975680     0.26716100014801         83        21.3021011353         5.7450528145        11.6978979111     0.07506074011326        21.3021011353         5.7450528145        11.6978979111     0.07506074011326                  1.0                    0         4.7043638229         2.3377246857          0 ellipse      [        3.9898853302         2.9373996258]        49.5276794434     0.48814302682877          4
     5       266.4038114642       -29.0108601824      2.923666483E-05      3.850741865E-05 (     4156.4117647059,     4061.9411764706)     0.18710734719207     0.28174675412902         61        16.3879871368         4.4723186493         3.6120126247     0.04044209420681        16.3879871368         4.4723186493         3.6120126247     0.04044209420681                  1.0                    0         5.3060574532         2.2375607491          0 ellipse      [        3.5876529217         2.1518542767]        72.7345886230     0.41391918063164          5
     6       266.4173182412       -29.0081211030      9.771511827E-06      8.253679539E-06 (     4069.9814126394,     4081.9851301115)     0.06252729128119     0.06039496784160        106       290.1298828125        19.7749500275       100.8701171875     0.22063536942005       290.1298828125        19.7749500275       100.8701171875     0.22063536942005                  1.0                    0        26.1834011078         2.2457287312          0 ellipse      [        3.3581395149         2.6493234634]        40.7148399353     0.44272935390472          6
     7       266.4157437846       -29.0081294243      1.678743843E-05      1.432181384E-05 (     4080.0566037736,     4081.9245283019)     0.10742312333014     0.10479608877267         79       120.3817901611        13.8576650620        71.6182098389     0.18678082525730       120.3817901611        13.8576650620        71.6182098389     0.18678082525730                  1.0                    0        12.6625022888         2.2413659096          0 ellipse      [        3.4399440289         3.1068832874]        37.9410400391     0.48618787527084          7
     8       266.4169790938       -29.0074668080      1.579251307E-05      1.428457001E-05 (     4072.1515151515,     4086.7727272727)     0.10105600426232     0.10452449184959        129       258.6783447266        19.7500457764       131.3216400146     0.25354585051537       258.6783447266        19.7500457764       131.3216400146     0.25354585051537                  1.0                    0        20.7071189880         2.2450602055          0 ellipse      [        2.9039545059         2.0304760933]       132.1802368164     0.36053264141083          8
     9       266.4239116936       -29.0074642845      2.631717285E-05      2.714271214E-05 (     4027.7884615385,     4086.7884615385)     0.16839070002879     0.19862049847006         47        32.8926277161         7.2117304802        19.1073722839     0.09515758603811        32.8926277161         7.2117304802        19.1073722839     0.09515758603811                  1.0                    0         6.0285296440         2.2812490463          0 ellipse      [        4.4585323334         3.443032980]        65.1614456177     0.57249617576599          9
    10       266.4156503778       -29.0065633464      2.210791297E-05      2.033268526E-05 (     4080.6540880503,     4093.3836477987)     0.14147097209934     0.14877869752672        103        136.706527710        15.1672582626         93.293472290     0.21382209658623        136.706527710        15.1672582626         93.293472290     0.21382209658623                  1.0                    0        12.7791757584         2.2446193695          0 ellipse      [        6.1462502480         4.7475280762]       129.2549896240     0.80218571424484         10
    11       266.4086037014       -29.0060971567      1.064115452E-05      9.363486164E-06 (     4125.7476635514,     4096.7943925234)     0.06809837177661     0.06851067648222        118       211.6413421631        15.3951911926        25.3586635590     0.10915958881378       211.6413421631        15.3951911926        25.3586635590     0.10915958881378                  1.0                    0        34.6404228210         2.2298104763          0 ellipse      [        3.1142489910         2.8763089180]        47.1823883057     0.44740954041481         11
    12       266.4158450780       -29.0056394279      1.471784401E-05       1.55851372E-05          (     4079.4080,     4100.1440)     0.09418144190886     0.11403971238087         81       213.9131164551        16.7640171051        67.0868911743     0.17958372831345       213.9131164551        16.7640171051        67.0868911743     0.17958372831345                  1.0                    0        23.1600055695         2.2465415001          0 ellipse      [        5.4783239365         4.3825979233]        74.7174377441     0.72703278064728         12
    13       266.4170303795       -29.0015628236      4.663803139E-05      3.041429379E-05 (     4071.8219178082,     4129.9726027397)     0.29845568974997     0.22255329502605         72        42.3009948730         8.5448522568        30.6990051270     0.12039513140917        42.3009948730         8.5448522568        30.6990051270     0.12039513140917                  1.0                    0         6.4015388489         2.2688043118          0 ellipse      [        8.6864891052         3.9508097172]        32.1347160339     0.86069029569626         13
    14       266.4233817155       -28.9980024445      3.407732436E-05      5.628841311E-05 (     4031.1739130435,     4156.0217391304)     0.21805192628744     0.41188525302368         78        28.5869674683         6.7829470634        17.4130325317     0.09148088842630        28.5869674683         6.7829470634        17.4130325317     0.09148088842630                  1.0                    0         5.4329147339         2.3215239048          0 ellipse      [        8.4721918106         4.2592434883]        80.2343673706     0.86252105236053         14
    15        266.423327110       -28.9926316865      5.668345585E-05      5.665953646E-05            (     4031.520,     4195.320)     0.36274508956012     0.41461307263580         72        15.9673643112         5.0004220009         9.0326356888     0.06496848165989        15.9673643112         5.0004220009         9.0326356888     0.06496848165989                  1.0                    0         3.8683252335         2.3578615189          0 ellipse      [        6.4657926559         5.1457095146]        116.855720520     0.81544369459152         15
    16       266.4167801711       -28.9922082093      6.188666634E-05      4.470584429E-05 (     4073.4210526316,     4198.4210526316)     0.39607345266995     0.32712793225983         48        11.7881240845         4.3592905998         7.2118763924     0.05843492224813        11.7881240845         4.3592905998         7.2118763924     0.05843492224813                  1.0                    0         3.0845398903         2.3437359333          0 ellipse      [        5.4689230919         3.9007096291]        27.2650642395     0.65689021348953         16
    17       266.4214286699       -28.9856599942      6.944023676E-05      2.147086914E-05 (     4043.6666666667,     4246.3333333333)     0.44444444444480     0.15713484026401         30         6.2036185265         3.0002195835         2.7963817120     0.03630139678717         6.2036185265         3.0002195835         2.7963817120     0.03630139678717                  1.0                    0         2.1516554356         2.4545130730          0 ellipse      [        4.0088734627         1.3888599873]       175.9349517822     0.32044523954391         17
    18       266.4161295861       -28.9837184087      4.950633013E-05      3.219058534E-05 (     4077.5833333333,     4260.5416666667)     0.31686762629306     0.23554875841819         60        20.1307067871         4.8991632462         3.8692934513     0.04244772717357        20.1307067871         4.8991632462         3.8692934513     0.04244772717357                  1.0                    0         6.3922142982         2.4796066284          0 ellipse      [        4.8066620827         3.2508263588]       160.3578033447     0.53139156103134         18
    19       266.4128839022       -29.0240359191      5.537908231E-05      4.445815044E-05 (     4098.3571428571,     3965.5357142857)     0.35432562316328     0.32530261757756        101        23.9905490875         6.1649570465        14.0094509125     0.08182479441166        23.9905490875         6.1649570465        14.0094509125     0.08182479441166                  1.0                    0         4.9548792839         2.3053002357          0 ellipse      [        5.6255068779         5.1631884575]         2.3763453960     0.77927559614182         19
    20       266.4145607450       -29.0088742684      2.825517981E-05       2.37029978E-05 (     4087.6271186441,     4076.4745762712)     0.18080592200886          0.173438670        115        84.9062347412        13.0399665833        85.0937652588     0.20182712376118        84.9062347412        13.0399665833        85.0937652588     0.20182712376118                  1.0                    0         8.2712764740         2.2351467609          0 ellipse      [        4.3393654823         3.8081107140]        35.6634750366     0.60623443126678         20
    21       266.4131716436       -28.9969212849      6.528138317E-05       4.27136532E-05 (     4096.5161290323,     4163.9354838710)     0.41779104890429     0.31253880964778         77        18.0587711334         5.5682964325        12.9412288666     0.07697869837284        18.0587711334         5.5682964325        12.9412288666     0.07697869837284                  1.0                    0         3.8421559334         2.2936189175          0 ellipse      [        6.9961376190         5.1967482567]       173.9133300781     0.87629938125610         21
    22       266.4145797647       -29.0127453722      4.265067105E-05      4.501175074E-05 (     4087.5057471264,     4048.1494252874)     0.27291217963511     0.32935747616921        100        36.7094650269         9.3286752701        50.2905349731     0.15551111102104        36.7094650269         9.3286752701        50.2905349731     0.15551111102104                  1.0                    0         4.5074000359         2.2333745956          0 ellipse      [       10.2913684845         6.1109228134]        56.4212112427         1.1836059093         22
    23       266.4221041771       -29.0069726026      3.809347612E-05      3.452977234E-05 (     4039.3548387097,     4090.3870967742)     0.24374970144527     0.25267525667914         31        12.0061044693          5.568587780        18.9938964844     0.09576714038849        12.0061044693          5.568587780        18.9938964844     0.09576714038849                  1.0                    0         2.2056217194         2.2696807384          0 ellipse      [        4.6697363853         3.5472159386]        48.8511428833     0.59772849082947         23
    24       266.4240050410       -28.9818192816       6.41984999E-05      7.021450097E-05 (     4027.1739130435,     4274.4347826087)      0.4108738160030     0.51380226480705         89        15.8874063492         4.7961955070         7.1125936508     0.05908299982548        15.8874063492         4.7961955070         7.1125936508     0.05908299982548                  1.0                    0         4.1764650345         2.5557813644          0 ellipse      [        7.4157514572         5.8820328712]        97.4934158325     0.86138314008713         24
