 
--------------------------------------------------------------------------------
Data for Table Block SRCLIST
--------------------------------------------------------------------------------
 
ROW    RA                   DEC                  RA_ERR               DEC_ERR              POS(X,Y)                                 X_ERR                Y_ERR                NPIXSOU    NET_COUNTS           NET_COUNTS_ERR       BKG_COUNTS           BKG_COUNTS_ERR       NET_RATE             NET_RATE_ERR         BKG_RATE             BKG_RATE_ERR         EXPTIME              EXPTIME_ERR          SRC_SIGNIFICANCE     PSF_SIZE             MULTI_CORREL_MAX SHAPE        R[2]                                     ROTANG               PSFRATIO             COMPONENT
 
     1       266.4218270110       -29.0361389996      4.961775426E-05      4.281004221E-05 (     4037.5263157895,     3867.8157894737)     0.31740124231374     0.31326902751198        114        32.5429153442         6.1646637917         5.4570856094     0.05548836290836        32.5429153442         6.1646637917         5.4570856094     0.05548836290836                  1.0                    0         9.3208723068         2.6134696007          0 ellipse      [        6.2322454453         5.4015212059]       137.6457214355     0.74001681804657          1
     2       266.4201789768       -29.0301370392      5.408142721E-05      4.168300072E-05 (     4048.0666666667,     3911.7333333333)     0.34598223032935     0.30501973220953         46        11.0273284912         3.8732244968         3.9726710320     0.04322955384851        11.0273284912         3.8732244968         3.9726710320     0.04322955384851                  1.0                    0         3.4751765728         2.4421665668          0 ellipse      [        4.4610023499         2.9697573185]       144.4790954590     0.49679836630821          2
     3       266.4069760617       -29.0288840231      4.671857084E-05      3.765677949E-05 (     4132.5365853659,     3920.9024390244)     0.29891248647255     0.27552314211789         79        31.5215702057         6.4034700394         9.4784297943     0.06655415147543        31.5215702057         6.4034700394         9.4784297943     0.06655415147543                  1.0                    0         7.5083684921         2.3998451233          0 ellipse      [        6.7887415886         3.8593449593]        40.4272842407     0.71096295118332          3
     4       266.4083104633       -29.0261052491      5.629923879E-05      5.304198731E-05       (     4124.0,     3941.2352941176)     0.36021907982104     0.38809895897066         83        22.9438877106         5.8314046860        11.0561122894     0.07268364727497        22.9438877106         5.8314046860        11.0561122894     0.07268364727497                  1.0                    0         5.1721992493         2.3572762012          0 ellipse      [        6.9427227974         6.1314311028]        63.5022354126     0.92260140180588          4
     5       266.4127271361       -29.0239419907      5.747067314E-05      2.920040665E-05 (     4095.7419354839,     3957.0645161290)     0.36770724775715     0.21366181507119         56        22.5046100616         5.5681290627         8.4953889847     0.06372967362404        22.5046100616         5.5681290627         8.4953889847     0.06372967362404                  1.0                    0         5.5695891380         2.3245449066          0 ellipse      [        6.3292121887         3.2250599861]         16.298040390     0.64786499738693          5
     6       266.4212600210       -29.0161084679      4.968810782E-05      4.459038198E-05 (     4041.1428571429,     4014.3809523810)     0.31791350872209     0.32629432115664         44        12.0066766739         4.5830411911         8.9933233261     0.06531478464603        12.0066766739         4.5830411911         8.9933233261     0.06531478464603                  1.0                    0         2.9132311344         2.2889616489          0 ellipse      [        4.6324515343         4.2148408890]       126.9838333130     0.64348179101944          6
     7       266.4118982829       -29.0154712612      5.812648465E-05      2.976315033E-05 (     4101.0454545455,     4019.0454545455)     0.37193526011379     0.21777682798438         36        12.8740272522         4.6908636093         9.1259727478     0.06483467668295        12.8740272522         4.6908636093         9.1259727478     0.06483467668295                  1.0                    0         3.1077122688         2.2435321808          0 ellipse      [        5.7117390633         2.0388789177]        25.3895301819     0.50702148675919          7
     8       266.4039354082       -29.0107945653       4.65231758E-05      5.171459036E-05       (     4152.0,     4053.2631578947)     0.29772917102582     0.37837753401163         58        15.0055351257         4.3591127396         3.9944653511     0.04318499937654        15.0055351257         4.3591127396         3.9944653511     0.04318499937654                  1.0                    0         4.7214245796         2.2339644432          0 ellipse      [        5.2481966019         3.4779763222]       116.4355926514     0.63748627901077          8
     9       266.4244854750       -29.0102933818      4.430525036E-05      5.021471732E-05      (     4020.50,     4056.9285714286)     0.28347335475701     0.36745321591889         48        15.3150424957         5.2920680046        12.6849575043     0.07736379653215        15.3150424957         5.2920680046        12.6849575043     0.07736379653215                  1.0                    0         3.2827048302         2.2877609730          0 ellipse      [        6.6579256058         3.1539711952]        56.8103065491     0.66767704486847          9
    10       266.4173749090       -29.0080973912                    0                    0                (     4066.0,     4073.0)                    0                    0         95       322.4670715332        20.6652088165       104.5329360962     0.22554065287113       322.4670715332        20.6652088165       104.5329360962     0.22554065287113                  1.0                    0        28.6363811493         2.2479066849          0 ellipse      [     3.576278687E-07      3.576278687E-07]                 90.0       5.30312434E-08         10
    11       266.4157949840       -29.0080186807      1.575763139E-05      1.616516804E-05 (     4076.1101694915,     4073.5762711864)     0.10083242895053     0.11828443051036         51        95.9445800781        12.2893047333        55.0554161072     0.16436874866486        95.9445800781        12.2893047333        55.0554161072     0.16436874866486                  1.0                    0        11.3271732330         2.2417542934          0 ellipse      [        3.8547413349         3.2859053612]        89.4529190063     0.52919518947601         11
    12       266.4169174982       -29.0076802737       7.41422474E-06       5.99613378E-06 (     4068.9269311065,     4076.0521920668)     0.04744336792555     0.04387587854490         99       546.7940063477        25.8081169128       119.2059860229     0.24271996319294       546.7940063477        25.8081169128       119.2059860229     0.24271996319294                  1.0                    0        45.7474708557         2.2460727692          0 ellipse      [        3.1151020527         2.8807513714]       179.1009521484     0.44457387924194         12
    13       266.4235595582       -29.0075170742      7.579190435E-05      2.793877213E-05 (     4026.4230769231,     4077.2435897436)     0.48498806412454     0.20447483881708         89        37.5503273010         8.8328390121        40.4496726990     0.13799394667149        37.5503273010         8.8328390121        40.4496726990     0.13799394667149                  1.0                    0         5.0615801811         2.2846162319          0 ellipse      [       12.9266138077         5.2319283485]       173.1675415039         1.1998826265         13
    14       266.4156795204       -29.0064436589      1.825684933E-05      1.698707926E-05 (     4076.8487394958,     4085.1008403361)     0.11682706760848     0.12429872942994         61       114.1329956055        13.3428392410        63.8670082092     0.17707258462906       114.1329956055        13.3428392410        63.8670082092     0.17707258462906                  1.0                    0        12.6274671555         2.2433431149          0 ellipse      [        4.1474099159         3.7368087769]        116.706779480     0.58495432138443         14
    15       266.4086615815       -29.0060765937      9.955805922E-06      8.265639526E-06 (     4121.7584269663,     4087.7865168539)     0.06371201647835     0.06047815836746         89       178.8193969727         14.177813530        22.1805973053     0.10190539062023       178.8193969727         14.177813530        22.1805973053     0.10190539062023                  1.0                    0        30.8917007446         2.2264926434          0 ellipse      [        2.6024622917         2.3642227650]        28.5307369232     0.37135896086693         15
    16       266.4159332761       -29.0056059550      1.328587871E-05      1.431347906E-05 (     4075.2247191011,     4091.2303370787)     0.08501751231597     0.10473516112552        109       224.2414550781        18.0013256073        99.7585372925     0.21842436492443       224.2414550781        18.0013256073        99.7585372925     0.21842436492443                  1.0                    0        20.3386325836         2.2461171150          0 ellipse      [        4.1925487518         3.4021785259]        91.5516357422     0.56048494577408         16
    17       266.4234014295       -28.9979390851       4.32610093E-05      4.706369399E-05 (     4027.4285714286,     4147.3265306122)     0.27682979522933     0.34439373249825         82        27.3459625244         7.0007543564        21.6540374756     0.10275345295668        27.3459625244         7.0007543564        21.6540374756     0.10275345295668                  1.0                    0           4.76968050         2.3164618015          0 ellipse      [        7.2324328423         5.8132209778]        89.3503417969     0.93304848670959         17
    18       266.4161007696       -28.9837403941      4.820888836E-05       4.31473322E-05 (     4074.1481481481,     4251.2222222222)     0.30855965980481     0.31572128030894         61        21.2114372253         5.1964211464         5.7885627747     0.05285525694489        21.2114372253         5.1964211464         5.7885627747     0.05285525694489                  1.0                    0         5.9631910324         2.4575064182          0 ellipse      [        5.2366342545         4.4649395943]        49.1719474792     0.65587037801743         18
    19       266.4227234477       -29.0270059049      9.756153634E-05      5.792144892E-05 (     4031.7857142857,     3934.6428571429)     0.62416124477204     0.42386875684815         66         9.9384241104         3.7419133186         4.0615758896     0.04375482723117         9.9384241104         3.7419133186         4.0615758896     0.04375482723117                  1.0                    0         3.1120493412         2.3986716270          0 ellipse      [        7.0166463852         4.7424850464]       175.7540740967     0.80163323879242         19
    20       266.4036784850       -29.0129488467      4.892327854E-05      8.594127548E-05      (     4153.6428571429,     4037.50)     0.31310073454279     0.62881488791663         62        10.9485559464         3.7418398857         3.0514435768     0.03695944324136        10.9485559464         3.7418398857         3.0514435768     0.03695944324136                  1.0                    0         3.7117159367         2.2418003082          0 ellipse      [        7.4265475273         2.6495015621]        70.5591278076     0.65956467390060         20
    21       266.4146720958       -29.0126057722      3.390971216E-05      4.635992107E-05 (     4083.2962962963,     4040.0123456790)     0.21697821113548     0.33922269968525         82        37.8340835571         9.0011320114        43.1659164429     0.14272116124630        37.8340835571         9.0011320114        43.1659164429     0.14272116124630                  1.0                    0         4.9606051445         2.2360246181          0 ellipse      [        9.2562255859         5.7035765648]       100.5755615234         1.0831604004         21
    22       266.4213277507       -28.9843066821      5.207094085E-05      5.454499098E-05 (     4040.6923076923,     4247.0769230769)     0.33325746367655     0.39913424743281         38         9.1096010208         3.6058022976         3.8903989792     0.04255598783493         9.1096010208         3.6058022976         3.8903989792     0.04255598783493                  1.0                    0         2.8881239891         2.4607851505          0 ellipse      [        4.6737284660         3.1288013458]       121.0382080078     0.51799523830414         22
    23       266.4077344046       -29.0308631750      5.705431721E-05      7.497197596E-05 (     4127.6842105263,     3906.4210526316)     0.36504188337040     0.54856038978369         48        11.5672893524         4.3593163490         7.4327106476     0.06030998751521        11.5672893524         4.3593163490         7.4327106476     0.06030998751521                  1.0                    0         2.9962849617         2.4430503845          0 ellipse      [        7.2551031113         4.6483592987]        78.7573471069     0.79235166311264         23
    24       266.4121064102       -28.9969786649      6.397578358E-05      5.092548632E-05 (     4099.7142857143,     4154.3571428571)     0.40943678873009     0.37262366605137         36         7.0901508331         3.7420861721         6.9098491669     0.05664482340217         7.0901508331         3.7420861721         6.9098491669     0.05664482340217                  1.0                    0         1.8818529844         2.2830245495          0 ellipse      [        5.0631470680         3.6030385494]        36.6702919006     0.62360978126526         24
    25       266.4239353694       -28.9815836687      7.365301224E-05      4.801361202E-05                (     4024.0,     4267.0)     0.47140452079111     0.35136418446291         34         6.2574052811         3.0002219677         2.7425947189     0.03649886325002         6.2574052811         3.0002219677         2.7425947189     0.03649886325002                  1.0                    0         2.1811556816         2.5275259018          0 ellipse      [        4.6055512428         2.6055512428]        28.1549663544     0.45685014128685         25
