 
--------------------------------------------------------------------------------
Data for Table Block SRCLIST
--------------------------------------------------------------------------------
 
ROW    RA                   DEC                  RA_ERR               DEC_ERR              POS(X,Y)                                 X_ERR                Y_ERR                NPIXSOU    NET_COUNTS           NET_COUNTS_ERR       BKG_COUNTS           BKG_COUNTS_ERR       NET_RATE             NET_RATE_ERR         BKG_RATE             BKG_RATE_ERR         EXPTIME              EXPTIME_ERR          SRC_SIGNIFICANCE     PSF_SIZE             MULTI_CORREL_MAX SHAPE        R[2]                                     ROTANG               PSFRATIO             COMPONENT
 
     1       266.4200480167       -29.0302014318      4.780637187E-05      5.001948439E-05 (     4043.6086956522,     3895.6956521739)     0.30582950162352     0.36601766672948         60        17.4527206421         4.7961072922         5.5472784042     0.05141606554389        17.4527206421         4.7961072922         5.5472784042     0.05141606554389                  1.0                    0         4.9730815887         2.5094175339          0 ellipse      [        5.6117868423         3.9497439861]        60.8921585083     0.62537550926208          1
     2       266.4069824147       -29.0289436724      5.333448979E-05      4.241996598E-05              (     4127.20,     3904.90)     0.34123957045540     0.31037611591955         66        21.1508140564         5.4776053429         8.8491868973     0.06449978798628        21.1508140564         5.4776053429         8.8491868973     0.06449978798628                  1.0                    0         5.1609311104         2.4525101185          0 ellipse      [        6.0209407806         4.6041584015]       145.5720367432     0.71560806035995          2
     3       266.4228312635       -29.0271666392      5.764473292E-05      4.076687354E-05              (     4025.80,     3917.90)     0.36878177829158     0.29832867780351         39         7.5078411102         3.1624634266         2.4921588898     0.03426975011826         7.5078411102         3.1624634266         2.4921588898     0.03426975011826                  1.0                    0         2.6807978153         2.4465012550          0 ellipse      [        3.5155646801         2.8090577126]         9.3999423981     0.42816501855850          3
     4       266.4083814096       -29.0261881737      5.438747394E-05      5.759827269E-05          (     4118.250,     3925.06250)     0.34798527267685     0.42144074872704         82        20.8631877899         5.6573262215        11.1368122101     0.07307501882315        20.8631877899         5.6573262215        11.1368122101     0.07307501882315                  1.0                    0         4.6907539368         2.3906302452          0 ellipse      [        7.1882929802         5.8613810539]        80.0283203125     0.90506380796432          4
     5       266.4175058122       -29.0153844996      3.890698417E-05      4.340197193E-05 (     4059.8679245283,     4004.1132075472)     0.24893898859364     0.31758744501667         73        25.8915729523         7.2809991837        27.1084270477     0.11378838121891        25.8915729523         7.2809991837        27.1084270477     0.11378838121891                  1.0                    0         4.1241040230         2.2820417881          0 ellipse      [        7.2295985222         5.0402340889]       113.1620635986     0.88173401355743          5
     6       266.4106976185       -29.0112286490      3.635836129E-05      3.687974923E-05 (     4103.4318181818,     4034.5227272727)     0.23265829782395     0.26984966040118         54        26.2634620667         6.6338677406        17.7365379333     0.09055203199387        26.2634620667         6.6338677406        17.7365379333     0.09055203199387                  1.0                    0         4.9557461739         2.2278072834          0 ellipse      [        5.6387286186         4.2984218597]        61.8783111572     0.73662465810776          6
     7       266.4039124489       -29.0109308636      6.655134251E-05      4.223809313E-05             (     4146.850,     4036.70)     0.42588143890043     0.30903074280741         60        15.0819234848         4.4723868370         4.9180760384     0.04738568887115        15.0819234848         4.4723868370         4.9180760384     0.04738568887115                  1.0                    0         4.4610886574         2.2394263744          0 ellipse      [        5.7847990990         4.0464305878]        12.6246509552     0.72014862298965          7
     8       266.4243467554       -29.0104422356      2.998924634E-05      3.946429878E-05 (     4016.0909090909,     4040.2727272727)     0.19187085564045     0.28878355718416         31        15.1118412018         4.6907553673         6.8881587982     0.05643679574132        15.1118412018         4.6907553673         6.8881587982     0.05643679574132                  1.0                    0         4.0151319504         2.2980608940          0 ellipse      [        4.0908565521         2.6582973003]        98.7295989990     0.47832834720612          8
     9       266.4173617827       -29.0081806874      1.083835343E-05      9.608291691E-06 (     4060.7870370370,     4056.8240740741)     0.06935293467723     0.07030784710742         71       191.9007873535        16.4632434845        79.0992126465     0.19593526422977       191.9007873535        16.4632434845        79.0992126465     0.19593526422977                  1.0                    0        19.3139991760         2.2513246536          0 ellipse      [        2.2005732059         2.1534659863]        64.5992050171     0.32231280207634          9
    10       266.4156681253       -29.0081593317      2.006893436E-05      1.609176412E-05    (     4071.6250,     4056.9807692308)     0.12842029220383     0.11774883103408         65       102.2346878052        13.1542615891        70.7653121948     0.18602989614010       102.2346878052        13.1542615891        70.7653121948     0.18602989614010                  1.0                    0        10.8108520508         2.2446818352          0 ellipse      [        4.1827955246         3.3042335510]        34.0245971680     0.55206811428070         10
    11       266.4169712911       -29.0077539812       1.15784257E-05      9.104737366E-06 (     4063.2857142857,     4059.9464285714)     0.07408946801752     0.06662328140646        127            283.18750        20.7863693237       148.8125152588     0.27046790719032            283.18750        20.7863693237       148.8125152588     0.27046790719032                  1.0                    0        21.4056377411         2.2494845390          0 ellipse      [        2.3779664040         2.0862908363]        17.7908592224     0.33005478978157         11
    12       266.4239295175       -29.0075200064      3.202425478E-05      3.215093707E-05 (     4018.7586206897,     4061.6551724138)     0.20490520074691     0.23527180662813         44        19.2389869690         6.0834493637        17.7610130310     0.09141656011343        19.2389869690         6.0834493637        17.7610130310     0.09141656011343                  1.0                    0         3.6283249855         2.2908163071          0 ellipse      [        3.8397419453         3.2652490139]       105.6364517212     0.51522588729858         12
    13       266.4086948495       -29.0061613049      8.301126968E-06      7.928006788E-06 (     4116.2484276730,     4071.6006289308)     0.05312271269759     0.05800841669407        108       310.8425292969        18.4123096466        28.1574573517     0.11467396467924       310.8425292969        18.4123096466        28.1574573517     0.11467396467924                  1.0                    0        48.7476425171         2.2213392258          0 ellipse      [        3.1550507545         2.7843933105]        67.4492263794     0.44476675987244         13
    14       266.4158907176       -29.0058097886      1.314471791E-05      1.549597327E-05           (     4070.20,     4074.17250)     0.08411301920660     0.11338809185690        195       439.2620239258        25.2209281921       196.7379608154     0.30863139033318       439.2620239258        25.2209281921       196.7379608154     0.30863139033318                  1.0                    0        29.1809501648         2.2458310127          0 ellipse      [        6.8383297920         4.9991936684]        98.5217819214     0.86781406402588         14
    15       266.4169887139       -29.0015495850      3.054209554E-05      2.893690939E-05 (     4063.1722222222,     4105.3444444444)     0.19544671143194     0.21174207204785        132       119.1144790649        13.4174795151        60.8855209351     0.16960401833057       119.1144790649        13.4174795151        60.8855209351     0.16960401833057                  1.0                    0        13.4580020905         2.2578477859          0 ellipse      [       10.2979555130         5.3354835510]        48.9821205139         1.0943254232         15
    16       266.4234497408       -28.9979905022      4.856466103E-05      3.740409883E-05 (     4021.8219178082,     4131.3835616438)     0.31077628199273     0.27371915467756        110        45.7080383301         8.5447711945        27.2919597626     0.11454085260630        45.7080383301         8.5447711945        27.2919597626     0.11454085260630                  1.0                    0         7.2604699135         2.3082096577          0 ellipse      [        8.7201128006         6.0529174805]       145.5855865479         1.0491725206         16
    17       266.4163351027       -28.9836523501      5.977510625E-05      3.877377486E-05             (     4067.350,     4236.30)     0.38258985872608     0.28372521918209         57        14.0315752029         4.4724569321         5.9684252739     0.05358019843698        14.0315752029         4.4724569321         5.9684252739     0.05358019843698                  1.0                    0         3.9063487053         2.4195334911          0 ellipse      [        5.3587522507         3.4815621376]        22.1978759766     0.59506720304489         17
    18       266.4077057206       -28.9855611430      4.679028808E-05      5.656495448E-05 (     4122.5833333333,     4222.3333333333)     0.29949803684576     0.41387956738254         81        17.6119022369         4.7961006165         5.3880968094     0.05079684779048        17.6119022369         4.7961006165         5.3880968094     0.05079684779048                  1.0                    0         5.0645031929         2.3798005581          0 ellipse      [        4.9563956261         1.9030612707]        57.4413070679     0.43017736077309         18
    19       266.4143594724       -29.0127464570      3.683573487E-05      2.995157353E-05       (     4080.0,     4023.4166666667)     0.23570226039556     0.21916296997324         39        14.7811450958         6.0008435249        21.2188549042     0.10060374438763        14.7811450958         6.0008435249        21.2188549042     0.10060374438763                  1.0                    0         2.5990679264         2.2494521141          0 ellipse      [        2.4494898319         2.2776083946]      2.581163017E-08     0.35000908374786         19
    20       266.4210398414        -29.007154220      3.740708422E-05      3.352542221E-05     (     4037.250,     4064.3333333333)     0.23935677693908     0.24532669073096         34        13.2726869583         6.3255763054        26.7273139954     0.11365543305874        13.2726869583         6.3255763054        26.7273139954     0.11365543305874                  1.0                    0         2.1263923645         2.2752392292          0 ellipse      [        2.8021180630         2.1990075111]       132.0265655518     0.36367064714432         20
