 
--------------------------------------------------------------------------------
Data for Table Block SRCLIST
--------------------------------------------------------------------------------
 
ROW    RA                   DEC                  RA_ERR               DEC_ERR              POS(X,Y)                                 X_ERR                Y_ERR                NPIXSOU    NET_COUNTS           NET_COUNTS_ERR       BKG_COUNTS           BKG_COUNTS_ERR       NET_RATE             NET_RATE_ERR         BKG_RATE             BKG_RATE_ERR         EXPTIME              EXPTIME_ERR          SRC_SIGNIFICANCE     PSF_SIZE             MULTI_CORREL_MAX SHAPE        R[2]                                     ROTANG               PSFRATIO             COMPONENT
 
     1       266.4069269002       -29.0290601472      3.849254745E-05      3.498958608E-05 (     4135.7058823529,     3895.9411764706)     0.24628317853603     0.25600859948918         44        11.2479705811         4.1234354973         5.7520298958     0.05216720327735        11.2479705811         4.1234354973         5.7520298958     0.05216720327735                  1.0                    0         3.1685245037         2.4938852787          0 ellipse      [        3.8478512764         2.1217916012]        47.0798225403     0.38191154599190          1
     2       266.3985452168       -29.0261245237      4.634870999E-05      4.953900771E-05 (     4189.3333333333,     3917.4166666667)     0.29658550700151     0.36244412085307         48         9.7589540482         3.4642548561         2.2410454750     0.03258924558759         9.7589540482         3.4642548561         2.2410454750     0.03258924558759                  1.0                    0         3.5754106045         2.4791672230          0 ellipse      [        4.4654669762         1.9357439280]        53.4131660461     0.39530318975449          2
     3       266.4042506386       -29.0196827023      6.526152515E-05      3.597460472E-05 (     4152.8333333333,     3964.5555555556)     0.41759156606622     0.26319760006572         47        12.8443326950         4.2429280281         5.1556677818     0.04936385899782        12.8443326950         4.2429280281         5.1556677818     0.04936385899782                  1.0                    0         3.7445309162         2.3276023865          0 ellipse      [        5.6154785156         2.8175561428]       158.0962524414     0.56963884830475          3
     4       266.4093432562       -29.0133156008       5.81489806E-05      4.145575276E-05     (     4120.250,     4011.1458333333)     0.37209523123965     0.30332300711189         79        31.7513332367         6.9287462234        16.2486667633     0.08673522621393        31.7513332367         6.9287462234        16.2486667633     0.08673522621393                  1.0                    0         6.1978688240         2.2542569637          0 ellipse      [        8.5495786667         5.1442484856]        32.2562561035     0.98063784837723          4
     5       266.4106102760       -29.0113099650      2.045219304E-05      1.551776467E-05 (     4112.1428571429,     4025.8214285714)     0.13087505447311     0.11354190349130         82        37.9277153015         7.8109331131        23.0722846985     0.10332060605288        37.9277153015         7.8109331131        23.0722846985     0.10332060605288                  1.0                    0         6.4494056702         2.2411439419          0 ellipse      [        2.0794634819         1.8002450466]       175.1191101074     0.28777328133583          5
     6       266.4038924030       -29.0109525180      3.504583776E-05      3.343239278E-05 (     4155.1304347826,     4028.4347826087)     0.22427659659661     0.24460984679990         81        24.9887256622         5.8313269615         9.0112752914     0.06612189114094        24.9887256622         5.8313269615         9.0112752914     0.06612189114094                  1.0                    0         6.0588951111         2.2504844666          0 ellipse      [        3.7977137566         2.8939766884]       125.4766845703     0.49103376269341          6
     7       266.4242928346       -29.0105495267      4.782319735E-05       4.61829515E-05 (     4024.5882352941,     4031.3823529412)     0.30598880234538     0.33795309425113         61        21.7615242004         5.8314347267        12.2384757996     0.07504139840603        21.7615242004         5.8314347267        12.2384757996     0.07504139840603                  1.0                    0         4.7267045975         2.2997779846          0 ellipse      [        6.5525541306         4.5457139015]        53.2134208679     0.79104137420654          7
     8       266.4174209703       -29.0083198452      2.303237721E-05      1.927005844E-05      (     4068.5607142857,     4047.70)     0.14738225398651     0.14100586179757         95       187.2256622314        16.7345447540        92.7743377686     0.21211624145508       187.2256622314        16.7345447540        92.7743377686     0.21211624145508                  1.0                    0        17.5456104279         2.2522995472          0 ellipse      [        8.9816694260         4.9165191650]       137.3523406982     0.98346745967865          8
     9       266.4157049043       -29.0082763353      1.994860276E-05      1.444803074E-05 (     4079.5420560748,     4048.0186915888)     0.12765162834285     0.10572015195976         58       103.7974014282        12.6896829605        57.2025985718     0.16746616363525       103.7974014282        12.6896829605        57.2025985718     0.16746616363525                  1.0                    0        12.0517234802         2.2457909584          0 ellipse      [        3.9628524780         3.2788772583]         2.8417246342     0.53502732515335          9
    10       266.4167840486       -29.0078758529      1.466359254E-05        1.1583468E-05 (     4072.6363636364,     4050.9488636364)     0.09383213907358     0.08476003986061         60       196.0628356934        16.1564865112        64.9371643066     0.17896422743797       196.0628356934        16.1564865112        64.9371643066     0.17896422743797                  1.0                    0        21.5340976715         2.2501125336          0 ellipse      [        3.7689843178         3.3348033428]        16.8435363770     0.52519643306732         10
    11       266.4158375156       -29.0060250147      1.618224326E-05      2.041029021E-05 (     4078.6930693069,     4064.4917491749)     0.10355126395962     0.14934601934738        178       312.2857055664        21.6812438965       157.7142944336     0.27630040049553       312.2857055664        21.6812438965       157.7142944336     0.27630040049553                  1.0                    0        22.9820232391         2.2439115047          1 ellipse      [        7.8279466629         5.3654584885]        96.7822189331     0.96272081136703         11
    12       266.4086515490       -29.0062602733      5.870405346E-06      5.198984809E-06 (     4124.6780415430,     4062.7700296736)     0.03756772113502     0.03803995166618        163       689.4558105469        27.0558700562        42.5441627502     0.14169843494892       689.4558105469        27.0558700562        42.5441627502     0.14169843494892                  1.0                    0        90.9592742920         2.2239944935          0 ellipse      [        2.9628899097         2.9257760048]        86.1501693726     0.44128924608231         12
    13       266.4170510522       -29.0016785288      1.812948932E-05      1.674203203E-05 (     4070.9262295082,     4096.2950819672)     0.11601649466365     0.12250658796256        100       113.6462860107        12.6103696823        45.3537178040     0.14633293449879       113.6462860107        12.6103696823        45.3537178040     0.14633293449879                  1.0                    0        14.5887928009         2.2512342930          0 ellipse      [        4.3951520920         3.4554538727]        51.6604614258     0.57702887058258         13
    14       266.4234316474       -28.9979959037      4.303405075E-05      3.971265863E-05 (     4030.0909090909,     4123.2386363636)     0.27538307449095     0.29060456281240        116        56.2536697388         9.3816404343        31.7463283539     0.12318690121174        56.2536697388         9.3816404343        31.7463283539     0.12318690121174                  1.0                    0         8.3953752518         2.2994956970          0 ellipse      [        9.7283201218         5.6839218140]       131.8578033447         1.0779263973         14
    15       266.4234928747       -28.9927103968      6.184498551E-05      3.133969957E-05 (     4029.6956521739,     4161.9130434783)     0.39579444460105     0.22934972987696         52        15.3336744308         4.7962069511         7.6663255692     0.06000114232302        15.3336744308         4.7962069511         7.6663255692     0.06000114232302                  1.0                    0         3.9306123257         2.3277928829          0 ellipse      [        5.7025790215         3.2857701778]       176.2649536133     0.61985290050507         15
    16       266.4163311866       -28.9837592688      5.377429028E-05      4.555889437E-05 (     4075.5294117647,     4227.4117647059)     0.34418196542038     0.33336725521167         53        12.5866870880         4.1233654022         4.4133129120     0.04628313332796        12.5866870880         4.1233654022         4.4133129120     0.04628313332796                  1.0                    0         3.8464434147         2.3912742138          0 ellipse      [        4.8548398018         3.3997876644]        42.3220863342     0.56632107496262         16
    17       266.4278091865       -28.9836354028      3.774816287E-05      6.243627897E-05        (     4002.06250,     4228.31250)     0.24155663802730     0.45688098491337         52        11.4023771286         4.0002746582         4.5976228714     0.04689528793097        11.4023771286         4.0002746582         4.5976228714     0.04689528793097                  1.0                    0         3.4422345161         2.4618852139          0 ellipse      [        5.6478395462         2.5618054867]        74.3681335449     0.51502126455307         17
    18       266.4168047881       -28.9921619591      7.080675925E-05      4.306596312E-05      (     4072.50,     4165.9285714286)     0.45316348358756     0.31513105238082         69        18.2283039093         5.2919521332         9.7716951370     0.06897279620171        18.2283039093         5.2919521332         9.7716951370     0.06897279620171                  1.0                    0         4.2953639030         2.3030016422          0 ellipse      [        7.3471174240         4.7744503021]       164.4891815186     0.85724443197250         18
    19       266.4308967341       -28.9835205722      7.741832769E-05      4.559941843E-05             (     3982.30,     4229.150)     0.49547956567312     0.33372893191972         69        14.3469867706         4.4724397659         5.6530137062     0.05214837566018        14.3469867706         4.4724397659         5.6530137062     0.05214837566018                  1.0                    0         4.0638213158         2.4902310371          0 ellipse      [        6.6528439522         4.4695820808]       176.9149169922     0.72992163896561         19
    20       266.4091941578       -29.0302821916      2.795848485E-05      5.466745522E-05               (     4121.20,     3887.0)     0.17888543820027     0.40000000000009         28         5.6773509979         3.1626088619         4.3226490021     0.04577611014247         5.6773509979         3.1626088619         4.3226490021     0.04577611014247                  1.0                    0         1.7456665039         2.5183959007          0 ellipse      [        2.7778108120     0.96112787723541]        73.9973068237     0.21627019345760         20
    21       266.4220151587       -29.0073043176      3.779117645E-05      3.512381468E-05 (     4039.1612903226,     4055.1290322581)     0.24181405207855     0.25702182695159         50        16.7869510651         6.7833576202        29.2130489349     0.11805739253759        16.7869510651         6.7833576202        29.2130489349     0.11805739253759                  1.0                    0         2.5930392742         2.2752087116          0 ellipse      [        4.9229111671         3.2419133186]        49.4355010986     0.58528745174408         21
    22       266.4237902308       -29.0039324893      3.698157383E-05      2.592774322E-05              (     4027.80,     4079.80)     0.23664319132376     0.18973665960993         41        12.2130727768         5.4779958725        17.7869281769     0.09187337756157        12.2130727768         5.4779958725        17.7869281769     0.09187337756157                  1.0                    0         2.3019847870         2.2832267284          0 ellipse      [        2.5781989098         1.2778458595]        34.4812431335     0.26498857140541         22
    23       266.4241960956       -28.9818932491      9.078608525E-05      4.090124093E-05        (     4025.18750,     4241.06250)     0.58107356193068     0.29933193844772         65         9.3775491714         4.0004043579         6.6224508286     0.05688909441233         9.3775491714         4.0004043579         6.6224508286     0.05688909441233                  1.0                    0         2.5240859985          2.464587450          0 ellipse      [        7.2272067070         3.0481009483]       163.1419525146     0.63479632139206         23
