 
--------------------------------------------------------------------------------
Data for Table Block SRCLIST
--------------------------------------------------------------------------------
 
ROW    RA                   DEC                  RA_ERR               DEC_ERR              POS(X,Y)                                 X_ERR                Y_ERR                NPIXSOU    NET_COUNTS           NET_COUNTS_ERR       BKG_COUNTS           BKG_COUNTS_ERR       NET_RATE             NET_RATE_ERR         BKG_RATE             BKG_RATE_ERR         EXPTIME              EXPTIME_ERR          SRC_SIGNIFICANCE     PSF_SIZE             MULTI_CORREL_MAX SHAPE        R[2]                                     ROTANG               PSFRATIO             COMPONENT
 
     1       266.4217132376       -29.0363210551      7.162923862E-05      6.334307863E-05           (     4052.8750,     3873.750)     0.45821494683150     0.46351240544345         75        13.7093572617         4.0001444817         2.2906432152     0.03398072719574        13.7093572617         4.0001444817         2.2906432152     0.03398072719574                  1.0                    0         4.9965872765         2.5786449909          0 ellipse      [        7.3438639641         2.6906394958]        45.4314117432     0.57461535930634          1
     2       266.4069519582       -29.0290349537      5.476968289E-05      4.751324587E-05        (     4147.31250,     3927.06250)     0.35043221081287     0.34763430408248         53        12.7599334717         4.0001945496         3.2400662899     0.03945686668158        12.7599334717         4.0001945496         3.2400662899     0.03945686668158                  1.0                    0         4.2568373680         2.3956918716          0 ellipse      [        4.4296669960         3.9324278831]        43.0607376099     0.58071589469910          2
     3       266.4083295386       -29.0264165327      4.635161167E-05      6.580472155E-05      (     4138.50,     3946.2222222222)     0.29658550700060     0.48148148148175         68        12.9307184219         4.2429313660         5.0692815781     0.04965835809708        12.9307184219         4.2429313660         5.0692815781     0.04965835809708                  1.0                    0         3.7894229889         2.3517408371          0 ellipse      [        6.3502969742         3.3881089687]       108.0542526245     0.65745341777802          3
     4       266.4172339561       -29.0155440801      3.605388423E-05      3.270535262E-05 (     4081.5277777778,     4025.7777777778)     0.23069310191295     0.23931199969093         48        23.4401817322         6.0005068779        12.5598182678     0.07799112796783        23.4401817322         6.0005068779        12.5598182678     0.07799112796783                  1.0                    0         5.0427837372         2.2509305477          0 ellipse      [        4.3108882904         4.1490788460]        98.2521820068     0.62629055976868          4
     5       266.4097075546       -29.0137284222      4.306072174E-05      3.908620175E-05        (     4129.68750,     4039.06250)     0.27554987638359     0.28598445652688         52        15.1894712448         4.6907539368         6.8105287552     0.05633852258325        15.1894712448         4.6907539368         6.8105287552     0.05633852258325                  1.0                    0         4.0509128571         2.2306854725          0 ellipse      [        3.4369318485         3.3012781143]        78.6900711060     0.50334632396698          5
     6       266.4243821538       -29.0105494684       3.89581441E-05      3.968248635E-05 (     4035.7857142857,     4062.3214285714)     0.24927007143469     0.29037963991459         44        16.0706691742         5.2920370102        11.9293308258     0.07519444078207        16.0706691742         5.2920370102        11.9293308258     0.07519444078207                  1.0                    0         3.5236475468         2.2740793228          0 ellipse      [        4.7426466942         3.7966022491]       113.1045379639     0.62198668718338          6
     7       266.4147638421       -29.0090843227      2.905477101E-05      2.465641615E-05 (     4097.3333333333,     4073.0444444444)     0.18592445034119     0.18041257396590         82        47.6125946045        10.5844516754        64.3874053955     0.17499107122421        47.6125946045        10.5844516754        64.3874053955     0.17499107122421                  1.0                    0         5.2490110397         2.2290399075          0 ellipse      [        4.1330146790         3.1781148911]        41.6365585327     0.54197490215302          7
     8       266.4173954943       -29.0083314123      2.327090101E-06      2.128350403E-06 (     4080.4930272738,     4078.5533752931)     0.01489104734310     0.01557361076766        367      7986.7934570312        91.7998733521       440.2066955566     0.46502029895782      7986.7934570312        91.7998733521       440.2066955566     0.46502029895782                  1.0                    0       363.0530700684         2.2414257526          0 ellipse      [        4.3535017967         3.8607792854]        56.0021438599     0.60969305038452          8
     9       266.4086217428       -29.0062667760      3.832123258E-05       2.14788442E-05 (     4136.6382978723,     4093.6595744681)     0.24523624646827     0.15714921773952         67        39.1258087158         6.8559246063         7.8741917610     0.06083842739463        39.1258087158         6.8559246063         7.8741917610     0.06083842739463                  1.0                    0         9.9387388229         2.2309393883          0 ellipse      [        5.1538538933         3.0534756184]        14.7850999832     0.59272634983063          9
    10       266.4158834378       -29.0060649348      1.929889913E-05      2.107848863E-05       (     4090.168750,     4095.13750)     0.12349780963405     0.15423386767361        126       172.6194152832        16.3415203094        94.3805847168     0.21284212172031       172.6194152832        16.3415203094        94.3805847168     0.21284212172031                  1.0                    0        16.0524082184         2.2408685684          0 ellipse      [        5.8839826584         4.6471552849]        80.3445739746     0.77784246206284         10
    11       266.4170039941       -29.0016783271      6.014199187E-06      5.414788564E-06 (     4082.9974226804,     4127.2345360825)     0.03848747777192     0.03962109036820        180       768.5991210938        28.7928524017        60.4008865356     0.16822020709515       768.5991210938        28.7928524017        60.4008865356     0.16822020709515                  1.0                    0        87.1437149048         2.2605755329          0 ellipse      [        3.3476710320         3.1783797741]        62.0187339783     0.48098772764206         11
    12       266.4234520596       -28.9980569207      3.012056254E-05      2.634072747E-05 (     4041.7307692308,     4153.7307692308)     0.19275096840647     0.19275096840647         94        30.0902080536         7.0006365776        18.9097919464     0.09441913664341        30.0902080536         7.0006365776        18.9097919464     0.09441913664341                  1.0                    0         5.5374603271         2.3103260994          0 ellipse      [        3.3798043728         2.4422318935]       153.4349517822     0.41451925039291         12
    13       266.4170592023       -28.9922999035      7.829479199E-05      3.869617526E-05 (     4082.6428571429,     4195.8571428571)     0.50109210177425     0.28315177398963         41         9.9319887161         3.7419185638         4.0680108070      0.0442050062120         9.9319887161         3.7419185638         4.0680108070      0.0442050062120                  1.0                    0         3.1086068153         2.3392455578          0 ellipse      [        5.6554956436         3.1233255863]         7.1759991646     0.59888976812363         13
