 
--------------------------------------------------------------------------------
Data for Table Block SRCLIST
--------------------------------------------------------------------------------
 
ROW    RA                   DEC                  RA_ERR               DEC_ERR              POS(X,Y)                                 X_ERR                Y_ERR                NPIXSOU    NET_COUNTS           NET_COUNTS_ERR       BKG_COUNTS           BKG_COUNTS_ERR       NET_RATE             NET_RATE_ERR         BKG_RATE             BKG_RATE_ERR         EXPTIME              EXPTIME_ERR          SRC_SIGNIFICANCE     PSF_SIZE             MULTI_CORREL_MAX SHAPE        R[2]                                     ROTANG               PSFRATIO             COMPONENT
 
     1       266.4217046348       -29.0360940733      6.202425203E-05      3.614792026E-05 (     4052.5714285714,     3875.2857142857)     0.39678004275993     0.26452002850647         46         6.4945273399         2.6457984447     0.50547260046005     0.01578956842422         6.4945273399         2.6457984447     0.50547260046005     0.01578956842422                  1.0                    0         3.0627646446         2.5749182701          0 ellipse      [        3.1828606129         2.0483968258]        10.9007043839     0.33054542541504          1
     2       266.4068822536       -29.0288806183      5.473887114E-05      5.228968114E-05      (     4147.40,     3928.0666666667)     0.35023801430907     0.38258380829620         54        12.4889965057         3.8731329441         2.5110037327     0.03404210880399        12.4889965057         3.8731329441         2.5110037327     0.03404210880399                  1.0                    0         4.4510960579         2.3936786652          0 ellipse      [        4.5659661293         3.9334402084]        63.2644271851     0.59015423059464          2
     3       266.4128355042       -29.0239443245      5.814986963E-05      4.555086445E-05        (     4109.31250,     3964.18750)     0.37205877811812     0.33329264074519         51        12.4066743851         4.0002102852         3.5933258533     0.04100457578897        12.4066743851         4.0002102852         3.5933258533     0.04100457578897                  1.0                    0         4.0228319168         2.3113758564          0 ellipse      [        4.7795896530         3.6173486710]       146.8974151611     0.59965115785599          3
     4       266.4173906264       -29.0152713605      2.915791401E-05      2.658133566E-05 (     4080.1666666667,     4027.6481481481)     0.18656890444117     0.19450159196776        109        53.6816101074         8.7184123993        22.3183898926     0.10349181294441        53.6816101074         8.7184123993        22.3183898926     0.10349181294441                  1.0                    0         9.2507352829         2.2500360012          0 ellipse      [        4.7620820999         3.5531740189]       130.7981109619     0.60939085483551          4
     5       266.4244000414       -29.0102944182      4.728925046E-05      4.750668204E-05        (     4035.31250,     4064.06250)     0.30257682392266     0.34763430408248         34         9.8608951569         4.0003590584         6.1391048431     0.05360434949398         9.8608951569         4.0003590584         6.1391048431     0.05360434949398                  1.0                    0         2.7204642296         2.2748656273          0 ellipse      [        4.9913702011         2.3816297054]        51.3325309753     0.50520777702332          5
     6       266.4173573866       -29.0081230851      2.313941877E-06       2.03801941E-06 (     4080.3782430003,     4079.9526072438)     0.01480695118335     0.01491265267896        330      7657.9541015625        89.5275115967       357.0458374023     0.41953071951866      7657.9541015625        89.5275115967       357.0458374023     0.41953071951866                  1.0                    0       384.5224609375         2.2419974804          0 ellipse      [        4.1297297478         3.7272408009]        46.9957962036     0.58330833911896          6
     7       266.4086531706       -29.0060465275      2.811653877E-05      1.912534864E-05 (     4136.0786516854,     4095.1460674157)     0.17993302005470     0.13993213659705         89        76.6845321655         9.4342861176        12.3154687881     0.07585332542658        76.6845321655         9.4342861176        12.3154687881     0.07585332542658                  1.0                    0        16.6177387238         2.2313458920          0 ellipse      [        5.3762779236         3.5655448437]        25.3649158478     0.65405708551407          7
     8       266.4158222230       -29.0055676066      2.162679846E-05      2.341486996E-05 (     4090.2018348624,     4098.6513761468)     0.13839522766148     0.17132945692811        121        99.1803283691        13.3055391312        77.8196716309     0.19332347810268        99.1803283691        13.3055391312        77.8196716309     0.19332347810268                  1.0                    0        10.0548248291         2.2412912846          0 ellipse      [        5.3941626549         4.2998137474]        99.6961898804     0.71625435352325          8
     9       266.4169436615       -29.0014369375       1.44254609E-05      9.531295202E-06 (     4083.0248618785,     4128.8756906077)     0.09231547588934     0.06974282412011        127       328.1773071289        19.0267162323        33.8227043152     0.12630389630795       328.1773071289        19.0267162323        33.8227043152     0.12630389630795                  1.0                    0        47.7011871338         2.2623333931          0 ellipse      [        5.3877859116         3.8189041615]        17.2002429962     0.66833883523941          9
    10       266.4235457054       -28.9978974117      6.347635178E-05      4.473339163E-05 (     4040.7727272727,     4154.7727272727)     0.40621116817238     0.32734732850440         58        13.6738386154         4.6908330917         8.3261613846     0.06256659328938        13.6738386154         4.6908330917         8.3261613846     0.06256659328938                  1.0                    0         3.4076685905         2.3120138645          0 ellipse      [        6.2142815590         3.9078297615]        30.3086929321     0.71047955751419         10
