 
--------------------------------------------------------------------------------
Data for Table Block SRCLIST
--------------------------------------------------------------------------------
 
ROW    RA                   DEC                  RA_ERR               DEC_ERR              POS(X,Y)                                 X_ERR                Y_ERR                NPIXSOU    NET_COUNTS           NET_COUNTS_ERR       BKG_COUNTS           BKG_COUNTS_ERR       NET_RATE             NET_RATE_ERR         BKG_RATE             BKG_RATE_ERR         EXPTIME              EXPTIME_ERR          SRC_SIGNIFICANCE     PSF_SIZE             MULTI_CORREL_MAX SHAPE        R[2]                                     ROTANG               PSFRATIO             COMPONENT
 
     1       266.4218383127       -29.0362880615      4.968003975E-05      3.728273182E-05             (     4044.70,     3876.280)     0.31780497164164     0.27282228647937         96        40.0858383179         7.0714106560         9.9141597748     0.06963398307562        40.0858383179         7.0714106560         9.9141597748     0.06963398307562                  1.0                    0         9.3974628448         2.5777459145          0 ellipse      [        7.1203827858         5.3145604134]       151.0844726562     0.79547029733658          1
     2       266.4201406797       -29.0304497540      4.279801612E-05      5.104893936E-05       (     4055.5581395349,     3919.0)     0.27379180600519     0.37354368381875         85        29.8875102997         6.5579061508        13.1124887466     0.07830487936735        29.8875102997         6.5579061508        13.1124887466     0.07830487936735                  1.0                    0         6.3277611732         2.4092803001          0 ellipse      [        7.5516324043         5.0973649025]        71.8040161133     0.85839009284973          2
     3       266.4069346939       -29.0290049724      6.180300051E-05      2.359639893E-05 (     4140.0476190476,     3929.5714285714)     0.39541700182690     0.17263370803357         45        16.6884822845         4.5828313828         4.3115186691     0.04840482398868        16.6884822845         4.5828313828         4.3115186691     0.04840482398868                  1.0                    0         5.1352620125         2.3811490536          0 ellipse      [        5.4498338699         2.3415770531]         4.5089044571     0.50007832050323          3
     4       266.4175303558       -29.0155692656      2.367505289E-05      2.262593608E-05 (     4072.2549019608,     4027.8823529412)     0.15148410309666     0.16556047857875         72        39.9526672363         8.7187862396        36.0473327637     0.13129532337189        39.9526672363         8.7187862396        36.0473327637     0.13129532337189                  1.0                    0         5.6541485786         2.2501981258          0 ellipse      [        3.8056168556         2.9379360676]        55.2462959290     0.49532663822174          4
     5       266.4121457581       -29.0116097364      3.074376235E-05      3.252359791E-05 (     4106.7096774194,     4056.8548387097)     0.19673068896918     0.23797486531339         49        32.3866157532         7.8748736382        29.6133842468     0.11676245182753        32.3866157532         7.8748736382        29.6133842468     0.11676245182753                  1.0                    0         4.9746747017         2.2241902351          0 ellipse      [        6.2259936333         3.7992017269]        57.1405220032     0.72888219356537          5
     6       266.4244701227       -29.0105802503      3.247842847E-05      3.348076687E-05 (     4027.8461538462,     4064.3846153846)     0.20780733172523     0.24500006966855         45        28.6923599243         7.2118740082        23.3076400757     0.10548026114702        28.6923599243         7.2118740082        23.3076400757     0.10548026114702                  1.0                    0         4.8591098785         2.2776086330          0 ellipse      [        6.2230453491         3.0944275856]        52.8432998657     0.64223104715347          6
     7       266.4174401992       -29.0082887712      2.803325629E-06      2.525715704E-06 (     4072.8301191151,     4081.1542824731)     0.01793830399311     0.01848140799211        315      6783.6342773438        86.1760711670       642.3656005859     0.56202346086502      6783.6342773438        86.1760711670       642.3656005859     0.56202346086502                  1.0                    0       257.3484497070         2.2434575558          0 ellipse      [        4.9519219398         4.1928105354]        50.2093849182     0.67701828479767          7
     8       266.4158736547       -29.0082097740      1.399804705E-05      1.343013523E-05 (     4082.8546511628,     4081.7325581395)     0.08957381346954     0.09827089371311         76       185.8735809326        18.0573825836       140.1264190674     0.26275461912155       185.8735809326        18.0573825836       140.1264190674     0.26275461912155                  1.0                    0        14.4433593750         2.2389979362          0 ellipse      [        3.8683228493         3.5221731663]        94.3363037109     0.54953044652939          8
     9       266.4159556792       -29.0058393516      1.391552985E-05      1.539476442E-05 (     4082.3294392523,     4099.0771028037)     0.08904748060877     0.11264628127810        169       425.3981018066        26.2512512207       263.6018981934     0.35801902413368       425.3981018066        26.2512512207       263.6018981934     0.35801902413368                  1.0                    0        24.6480388641         2.2424473763          1 ellipse      [        6.9999346733         5.5157876015]        94.6168060303     0.92364954948425          9
    10       266.4086533855       -29.0063017939      2.238689427E-05      1.870709409E-05 (     4129.0588235294,     4095.6928104575)     0.14326561651797     0.13687499422440         99       125.9293518066        12.3698339462        27.0706443787     0.11314216256142       125.9293518066        12.3698339462        27.0706443787     0.11314216256142                  1.0                    0        20.0699329376         2.2309608459          0 ellipse      [        5.5933423042         4.7723441124]       143.4192962646     0.77194857597351         10
    11       266.4096753233       -29.0030126459      3.964864953E-05      3.809566848E-05            (     4122.520,     4119.760)     0.25374002443368     0.27874002224235         35        13.9744749069         5.0005187988        11.0255250931     0.07202845811844        13.9744749069         5.0005187988        11.0255250931     0.07202845811844                  1.0                    0          3.153406620         2.2483236790          0 ellipse      [        4.2029581070         3.7819497585]        76.4979553223     0.59109228849411         11
    12       266.4233549976       -28.9980122575      6.142065894E-05       3.36828975E-05 (     4034.9743589744,     4156.3461538462)     0.39305875774426     0.24649210404368        103        40.2178268433         8.8327913284        37.7821731567     0.13491804897785        40.2178268433         8.8327913284        37.7821731567     0.13491804897785                  1.0                    0         5.5800518990         2.3168776035          0 ellipse      [       10.4701890945         6.4407396317]         7.5269222260         1.1814647913         12
    13       266.4162122501       -28.9839112891      4.201449019E-05      5.321604437E-05 (     4080.6842105263,     4259.5263157895)     0.26891215732985     0.38939132168071         50        14.1538114548         4.3591718674         4.8461885452     0.04876669123769        14.1538114548         4.3591718674         4.8461885452     0.04876669123769                  1.0                    0         4.2054018974         2.4747610092          0 ellipse      [        5.2865271568         3.2165603638]       109.7988739014     0.55542647838593         13
    14       266.4084503042       -29.0262713458      8.105753278E-05      4.244358422E-05 (     4130.3518518519,     3949.5740740741)     0.51862261349743     0.31053943491816        128        35.9594497681         7.3490643501        18.0405483246     0.09353865683079        35.9594497681         7.3490643501        18.0405483246     0.09353865683079                  1.0                    0         6.7405352592         2.3405365944          0 ellipse      [       11.4373826981         6.8390564919]       178.0774230957         1.2595770359         14
    15       266.4089848732       -29.0133003610      6.171417544E-05      3.464323495E-05 (     4126.9354838710,     4044.4838709677)     0.39490902776470     0.25347108622964         55        18.4155998230         5.5682859421        12.5843992233     0.07621548324823        18.4155998230         5.5682859421        12.5843992233     0.07621548324823                  1.0                    0         3.9589567184         2.2256767750          0 ellipse      [        6.6911025047         4.0822973251]       167.7764434814     0.78274047374725         15
    16       266.4206926296       -29.0080340386      2.760794132E-05      2.459735869E-05 (     4052.0172413793,     4083.0172413793)     0.17665705928039     0.17999104765431         93        64.6806640625        13.3811311722       114.3193359375     0.23383623361588        64.6806640625        13.3811311722       114.3193359375     0.23383623361588                  1.0                    0         5.5155158043         2.2597830296          0 ellipse      [        4.3001356125         3.8354113102]       130.2754974365     0.59904444217682         16
    17       266.4231504079       -29.0260079119      4.967946404E-05      8.027002856E-05              (     4036.30,     3951.50)     0.31780497164118     0.58736700622376         23         5.8519501686         3.1625938416         4.1480498314     0.04472017660737         5.8519501686         3.1625938416         4.1480498314     0.04472017660737                  1.0                    0         1.8212481737         2.3655655384          0 ellipse      [        5.5796666145         3.0012197495]        93.5046920776     0.57662940025330         17
    18       266.4143958256       -29.0128980007      3.435474531E-05      3.735096384E-05 (     4092.3116883117,     4047.4285714286)     0.21982969247892     0.27330092509555         61        28.7276535034         8.7762870789        48.2723464966     0.15233750641346        28.7276535034         8.7762870789        48.2723464966     0.15233750641346                  1.0                    0         3.5902404785         2.2284586430          0 ellipse      [        7.8290882111         4.8946080208]       120.3491668701     0.92595255374908         18
    19       266.4106506161       -28.9959224052      5.830860334E-05      5.727364665E-05            (     4116.280,     4171.640)     0.37318092127043     0.41906562731856         71        10.6336450577         5.0006814003        14.3663549423     0.08254714310169        10.6336450577         5.0006814003        14.3663549423     0.08254714310169                  1.0                    0         2.1754701138         2.2971329689          0 ellipse      [        6.7673478127         5.0050973892]       123.3902587891     0.84451651573181         19
