 
--------------------------------------------------------------------------------
Data for Table Block SRCLIST
--------------------------------------------------------------------------------
 
ROW    RA                   DEC                  RA_ERR               DEC_ERR              POS(X,Y)                                 X_ERR                Y_ERR                NPIXSOU    NET_COUNTS           NET_COUNTS_ERR       BKG_COUNTS           BKG_COUNTS_ERR       NET_RATE             NET_RATE_ERR         BKG_RATE             BKG_RATE_ERR         EXPTIME              EXPTIME_ERR          SRC_SIGNIFICANCE     PSF_SIZE             MULTI_CORREL_MAX SHAPE        R[2]                                     ROTANG               PSFRATIO             COMPONENT
 
     1       266.4218712649       -29.0362595447      3.151936477E-05      3.545590025E-05 (     4045.2394366197,     3875.4225352113)     0.20162481113312     0.25944714987645        113        59.8018684387         8.4264850616        11.1981325150     0.07520914077759        59.8018684387         8.4264850616        11.1981325150     0.07520914077759                  1.0                    0        13.4186992645         2.5776779652          0 ellipse      [        6.6399068832         4.9901423454]        76.3049774170     0.74436771869659          1
     2       266.4201167403       -29.0302900349      3.248568521E-05      3.566465355E-05 (     4056.4615384615,     3919.1025641026)     0.20782254177675     0.26097191476447         62        29.5887870789         6.2453503609         9.4112129211      0.0663513392210        29.5887870789         6.2453503609         9.4112129211      0.0663513392210                  1.0                    0         7.0656995773         2.4107484818          0 ellipse      [        5.1363563538         3.5613102913]       115.1637573242     0.59137004613876          2
     3       266.4083488635       -29.0298029735      3.256164393E-05      2.940731203E-05     (     4131.750,     3922.6666666667)     0.20833333333303     0.21516574145608         55        19.9432640076         5.5682444572        11.0567359924     0.07310789823532        19.9432640076         5.5682444572        11.0567359924     0.07310789823532                  1.0                    0         4.4956822395         2.3968374729          0 ellipse      [        2.8013954163         1.3563494682]        46.4907302856     0.27108979225159          3
     4       266.4070711447       -29.0288587766      4.636037119E-05      3.308847614E-05          (     4139.9250,     3929.5750)     0.29662160238240     0.24209373184794         66        28.1608047485         6.3250045776        11.8391942978     0.07538920640945        28.1608047485         6.3250045776        11.8391942978     0.07538920640945                  1.0                    0         6.1917390823         2.3850417137          0 ellipse      [        5.9388580322         4.1837444305]        26.7355728149     0.69665348529816          4
     5       266.4227098612       -29.0270892697      3.371362703E-05      2.894903039E-05 (     4039.8695652174,     3942.5217391304)      0.2156832711280     0.21183834134399         92        34.1324539185         6.8560991287        12.8675479889     0.07807338982821        34.1324539185         6.8560991287        12.8675479889     0.07807338982821                  1.0                    0         7.2774038315         2.3790872097          0 ellipse      [        3.8432033062         2.0367875099]        44.0821113586     0.39200165867805          5
     6       266.4083017533       -29.0262292587      2.786348739E-05      1.893336046E-05 (     4132.0526315789,     3948.8157894737)     0.17827803778073     0.13852839123138         92        53.5245895386         8.6029052734        20.4754085541     0.09989645332098        53.5245895386         8.6029052734        20.4754085541     0.09989645332098                  1.0                    0         9.5458526611         2.3426489830          0 ellipse      [        3.4184274673         2.3973274231]       158.2442169189      0.4073318541050          6
     7       266.4127581605       -29.0240950942      5.654505208E-05      4.859480659E-05 (     4103.5405405405,     3964.4324324324)     0.36178801689130     0.35556833289547         68        20.9617633820         6.0833892822        16.0382366180     0.08733234554529        20.9617633820         6.0833892822        16.0382366180     0.08733234554529                  1.0                    0         4.1122903824         2.3083765507          0 ellipse      [        7.9149093628         4.8001642227]        43.9250183105     0.89006781578064          7
     8       266.4091419695       -29.0156206493      4.569641681E-05      4.579125826E-05            (     4126.680,     4026.440)     0.29241067011935     0.33504626546210         42        15.5218515396         5.0004515648         9.4781484604     0.06720633804798        15.5218515396         5.0004515648         9.4781484604     0.06720633804798                  1.0                    0         3.6973097324         2.2392258644          0 ellipse      [        5.6784324646         3.5002002716]       126.2392883301     0.66365373134613          8
     9       266.4173520279       -29.0154008198      3.556724999E-05       3.50310089E-05 (     4074.1463414634,     4028.0487804878)     0.22757675893536     0.25633115886603         72        37.9938735962         9.0565576553        44.0061264038     0.14572510123253        37.9938735962         9.0565576553        44.0061264038     0.14572510123253                  1.0                    0         4.9406847954         2.2505688667          0 ellipse      [        7.0974607468         6.0281610489]       111.4875030518     0.96879154443741          9
    10       266.4092591344       -29.0130369936      2.844401143E-05      2.335197744E-05 (     4125.9310344828,     4045.3448275862)     0.18201563013645     0.17086102208486         88        36.3382453918         7.7466745377        23.6617546082     0.10470923036337        36.3382453918         7.7466745377        23.6617546082     0.10470923036337                  1.0                    0         6.1167001724         2.2256629467          0 ellipse      [        3.0466022491         2.6428327560]       148.2825317383     0.42497369647026         10
    11       266.4245262716       -29.0105566021       3.46073906E-05      3.441298466E-05 (     4028.2372881356,     4063.4915254237)     0.22143013142522     0.25182229425945         58        30.3709163666         7.6820201874        28.6290836334     0.11589811742306        30.3709163666         7.6820201874        28.6290836334     0.11589811742306                  1.0                    0         4.7304897308         2.2791731358          0 ellipse      [        5.8196973801         5.0832886696]        81.0159072876     0.79547041654587         11
    12       266.4147394870       -29.0088678336      2.221205284E-05      1.890692445E-05 (     4090.8628571429,     4075.8514285714)     0.14213630381755     0.13834439638686        117       138.8736877441        18.0302391052       186.1263122559     0.29918438196182       138.8736877441        18.0302391052       186.1263122559     0.29918438196182                  1.0                    0         9.4663333893         2.2333507538          0 ellipse      [        5.9501357079         5.1535787582]        39.5414161682     0.82649403810501         12
    13       266.4174314570       -29.0082064403      2.918730274E-06       2.56775721E-06 (     4073.6365059041,     4080.6905676483)     0.01867682009788     0.01878903201668        350      6735.0288085938        86.6104888916       765.9711303711     0.61339777708054      6735.0288085938        86.6104888916       765.9711303711     0.61339777708054                  1.0                    0       234.7539978027         2.2436704636          0 ellipse      [        5.1028261185         4.2849717140]        45.9925460815     0.69470280408859         13
    14       266.4158448446       -29.0082011763      1.604849314E-05      1.435368614E-05 (     4083.7894736842,     4080.7293233083)     0.10269494080330     0.10502869148922         54       154.0780944824        16.3112106323       111.9218978882     0.23581703007221       154.0780944824        16.3112106323       111.9218978882     0.23581703007221                  1.0                    0        13.2657814026         2.2391889095          0 ellipse      [        5.4733548164         4.6581525803]        49.0388450623     0.75166040658951         14
    15       266.4087287901       -29.0062061054      1.979506203E-05      1.708162257E-05 (     4129.3267973856,     4095.3267973856)     0.12667943619908     0.12498197242257         90       124.7953338623        12.3698530197        28.2046642303     0.11520384997129       124.7953338623        12.3698530197        28.2046642303     0.11520384997129                  1.0                    0        19.5574741364         2.2297852039          0 ellipse      [        4.8372640610         4.4953255653]        39.6888999939     0.69710177183151         15
    16       266.4159388225       -29.0059478491      1.212830131E-05      1.341489854E-05 (     4083.1878048780,     4097.2170731707)     0.07761077647956     0.09815915665149        189       565.7385864258         29.532163620       306.2613830566     0.38555791974068       565.7385864258         29.532163620       306.2613830566     0.38555791974068                  1.0                    0        30.5445709229         2.2447218895          0 ellipse      [        5.9640860558         4.7127599716]        87.9945907593     0.78727382421494         16
    17       266.4235268554       -28.9979382574      3.585785032E-05      2.763137674E-05    (     4034.6250,     4155.8214285714)     0.22946602278398     0.20219954855111         55        33.0497131348         7.4840574265        22.9502868652     0.10544115304947        33.0497131348         7.4840574265        22.9502868652     0.10544115304947                  1.0                    0         5.6319112778         2.3174557686          0 ellipse      [        5.3847064972         4.2601351738]        28.4219684601     0.68890601396561         17
    18       266.4161239510       -28.9837514645      5.550260249E-05      4.862758513E-05       (     4082.0,     4259.6296296296)     0.35524677950480     0.35581837565769         72        18.1508178711         5.1965651512         8.8491811752     0.06550862640142        18.1508178711         5.1965651512         8.8491811752     0.06550862640142                  1.0                    0         4.4289145470         2.4766635895          0 ellipse      [        6.1684317589         4.8355507851]       134.8070831299     0.73505878448486         18
    19       266.4108888840       -29.0267003243      5.124825657E-05      3.766597877E-05      (     4115.50,     3945.3695652174)     0.32789354628221     0.27559644144458         74        28.2596454620         6.7829470634        17.7403545380     0.09148289263248        28.2596454620         6.7829470634        17.7403545380     0.09148289263248                  1.0                    0         5.3319673538         2.3477292061          0 ellipse      [        6.8429527283         5.3971819878]       158.7955322266     0.86285150051117         19
    20       266.4145450658       -29.0127059228      2.753562904E-05      2.365890953E-05 (     4092.1071428571,     4047.7678571429)     0.17619593437030     0.17311497784385        119        62.3239936829        12.8081350327       101.6760025024     0.21983043849468        62.3239936829        12.8081350327       101.6760025024     0.21983043849468                  1.0                    0         5.6043868065         2.2303361893          0 ellipse      [        4.1120815277         3.7204494476]        39.9075088501     0.58457058668137         20
    21       266.4181408440       -29.0014349242      2.557198076E-05        2.5875523E-05 (     4069.0952380952,     4130.2380952381)     0.16364279866366     0.18933900902630         72         44.908077240         9.6965389252         49.091922760     0.15118868649006         44.908077240         9.6965389252         49.091922760     0.15118868649006                  1.0                    0         5.5718040466         2.2693176270          0 ellipse      [        2.9736716747         1.7303214073]        53.5219688416     0.33319106698036         21
    22       266.4091155578       -28.9878984015      9.368600041E-05      5.053345623E-05 (     4126.8571428571,     4229.2857142857)     0.59964356111686     0.36973274127013         66        14.4062547684         4.5829153061         6.5937452316     0.05579865351319        14.4062547684         4.5829153061         6.5937452316     0.05579865351319                  1.0                    0         3.8831560612         2.4008462429          0 ellipse      [        8.2760982513         5.0301203728]       173.6122589111     0.89581102132797         22
    23       266.4191589435       -29.0270080150      5.823609581E-05      4.385730188E-05 (     4062.5882352941,     3943.1176470588)     0.37257937107006     0.32092376334049         36         9.6277446747         4.1235394478         7.3722558022     0.05980793386698         9.6277446747         4.1235394478         7.3722558022     0.05980793386698                  1.0                    0         2.5007407665         2.3639569283          0 ellipse      [        5.2741751671         3.0297880173]        36.4486351013     0.56366693973541         23
    24       266.4229079984       -29.0074991984      1.921735844E-05      2.021524059E-05 (     4038.5909090909,     4085.8636363636)     0.12296426459807     0.14792580429457         43        26.1466732025         8.3078556061        42.8533287048     0.14307850599289        26.1466732025         8.3078556061        42.8533287048     0.14307850599289                  1.0                    0         3.4388668537         2.2695086002          0 ellipse      [        2.3120412827         1.4074485302]        56.7240295410     0.26494818925858         24
    25       266.4076698573       -28.9855533169      8.314825726E-05      8.122839817E-05 (     4136.1111111111,     4246.4444444444)     0.53222621715577     0.59432616799586         73        12.7359657288         4.2429380417         5.2640337944     0.05024700984359        12.7359657288         4.2429380417         5.2640337944     0.05024700984359                  1.0                    0         3.6890685558         2.4493877888          0 ellipse      [        8.6711826324         5.2840995789]       128.0635375977     0.92118287086487         25
    26       266.4245520844       -28.9811397419      7.023451815E-05      5.556423768E-05 (     4028.0526315789,     4278.7368421053)     0.44952227156637     0.40660819355344         76        14.1989622116         4.3591990471         4.8010373116     0.05116455629468        14.1989622116         4.3591990471         4.8010373116     0.05116455629468                  1.0                    0         4.2308378220         2.5466189384          0 ellipse      [        5.9000859261         5.2928695679]       168.7870635986     0.73145824670792         26
