 
--------------------------------------------------------------------------------
Data for Table Block SRCLIST
--------------------------------------------------------------------------------
 
ROW    RA                   DEC                  RA_ERR               DEC_ERR              POS(X,Y)                                 X_ERR                Y_ERR                NPIXSOU    NET_COUNTS           NET_COUNTS_ERR       BKG_COUNTS           BKG_COUNTS_ERR       NET_RATE             NET_RATE_ERR         BKG_RATE             BKG_RATE_ERR         EXPTIME              EXPTIME_ERR          SRC_SIGNIFICANCE     PSF_SIZE             MULTI_CORREL_MAX SHAPE        R[2]                                     ROTANG               PSFRATIO             COMPONENT
 
     1       266.4201571715       -29.0302565747      4.084740726E-05      3.099183369E-05    (     4046.3333333333,     3881.3750)     0.26131788503062     0.22678688601127         71        23.1878395081         6.3251848221        16.8121604919     0.08923324197531        23.1878395081         6.3251848221        16.8121604919     0.08923324197531                  1.0                    0         4.4671692848         2.5539968014          0 ellipse      [        4.1349902153         2.9599375725]        32.0536460876     0.45660105347633          1
     2       266.4094765526       -29.0242795053      4.174220783E-05      2.710201179E-05 (     4114.6666666667,     3925.1111111111)     0.26707787225587     0.19830096795295        103         49.479145050         8.1245241165         16.520854950     0.08881509304047         49.479145050         8.1245241165         16.520854950     0.08881509304047                  1.0                    0         9.5967531204         2.3810462952          0 ellipse      [        4.1633319855         3.0912060738]                180.0     0.50222164392471          2
     3       266.4116043615       -29.0240141922      3.535618072E-05      2.327888794E-05 (     4101.0526315789,     3927.0526315789)     0.22621591560346     0.17033195722570         66        57.2849273682         8.7183170319        18.7150726318     0.09510853141546        57.2849273682         8.7183170319        18.7150726318     0.09510853141546                  1.0                    0        10.5849475861         2.3782334328          0 ellipse      [        4.3317079544         2.9428093433]       159.3006439209     0.50042033195496          3
     4       266.4127457234       -29.0238391642      2.302441351E-05      1.739674103E-05     (     4093.750,     3928.3333333333)     0.14731391274699     0.12729376930429         49        42.8625564575         7.6816525459        16.1374435425     0.08825404196978        42.8625564575         7.6816525459        16.1374435425     0.08825404196978                  1.0                    0         8.3889064789         2.3754105568          0 ellipse      [        2.3889305592         1.5749639273]       145.7976531982     0.27219310402870          4
     5       266.4136495369       -29.0235374461      2.852410529E-05      1.889758218E-05 (     4087.9672131148,     3930.5409836066)     0.18250137683754     0.13827705206995         76        66.1932220459         9.6443185806        26.8067798615     0.11346803605556        66.1932220459         9.6443185806        26.8067798615     0.11346803605556                  1.0                    0        10.5918388367         2.3747291565          0 ellipse      [        4.3518738747         3.1374797821]       164.4527893066     0.51867258548737          5
     6       266.4151860349       -29.0233732253      2.697717576E-05      1.612187451E-05 (     4078.1363636364,     3931.7424242424)     0.17260277761761     0.11796912885620        123       160.6071777344        14.3882675171        46.3928146362     0.14911308884621       160.6071777344        14.3882675171        46.3928146362     0.14911308884621                  1.0                    0        20.4177360535         2.3750972748          0 ellipse      [        4.433901310         2.5106430054]       157.4561309814     0.46825546026230          6
     7       266.4171141172       -29.0230701020       2.16574677E-05      1.809711648E-05             (     4065.80,     3933.960)     0.13856406460536     0.13242356285809         51        52.7260284424         8.4858255386        19.2739715576     0.09613478928804        52.7260284424         8.4858255386        19.2739715576     0.09613478928804                  1.0                    0         9.6306495667         2.3765192032          0 ellipse      [        2.2241005898         1.8218059540]       141.6492919922     0.28233563899994          7
     8       266.4180954536       -29.0229048316      3.436690139E-05      2.143068149E-05 (     4059.5211267606,     3935.1690140845)     0.21988000093324     0.15682061729194         48        53.2926712036         8.4266500473        17.7073307037     0.09183094650507        53.2926712036         8.4266500473        17.7073307037     0.09183094650507                  1.0                    0        10.0624361038         2.3774876595          0 ellipse      [        5.7253141403         3.7187881470]        18.3863658905     0.64693534374237          8
     9       266.4193230376       -29.0227092055      2.916332721E-05      1.616910575E-05      (     4051.6666666667,     3936.60)     0.18658728470837     0.11832159566211         73        78.9774398804        10.2475500107        26.0225582123     0.11082007735968        78.9774398804        10.2475500107        26.0225582123     0.11082007735968                  1.0                    0        12.7914838791         2.3781750202          0 ellipse      [        4.3395781517         2.7437314987]       176.9530487061     0.48364809155464          9
    10       266.4209951829       -29.0224847105      2.619105527E-05      1.782060115E-05 (     4040.9677419355,     3938.2419354839)     0.16756774754822     0.13040695901282         82        86.4700851440        10.6776876450        27.5299148560     0.11405970156193        86.4700851440        10.6776876450        27.5299148560     0.11405970156193                  1.0                    0        13.6865530014         2.3829052448          0 ellipse      [        4.3550539017         2.4881505966]       149.4615173340     0.46047607064247         10
    11       266.4220516129       -29.0223354808      2.601655467E-05      1.916848086E-05 (     4034.2083333333,     3939.3333333333)     0.16644951130820     0.14027090192167         46        37.1912689209         7.2115907669        14.8087291718     0.08389966189861        37.1912689209         7.2115907669        14.8087291718     0.08389966189861                  1.0                    0         7.5218129158         2.3854765892          0 ellipse      [        2.4535059929         2.0529694557]       171.9591674805     0.31360891461372         11
    12       266.4232061894       -29.0221259731      3.874557268E-05      1.996100222E-05 (     4026.8208955224,     3940.8656716418)     0.24789186729731     0.14607895463860         98        77.9397735596        10.4888248444        32.0602302551     0.12431287020445        77.9397735596        10.4888248444        32.0602302551     0.12431287020445                  1.0                    0        11.5843524933         2.3899476528          0 ellipse      [        6.1099777222         3.5482678413]         6.0765628815     0.64940911531448         12
    13       266.4253644975       -29.0217414607      3.425230767E-05      1.819710807E-05 (     4013.0111111111,     3943.6777777778)     0.21914223603835     0.13317377283920         91       102.3812026978        11.3583784103        26.6187953949     0.11292506754398       102.3812026978        11.3583784103        26.6187953949     0.11292506754398                  1.0                    0        16.4295730591         2.3973860741          0 ellipse      [        6.2633581161         3.7463037968]       173.4206848145     0.67351281642914         13
    14       266.4270680408       -29.0215211003       3.35363834E-05      1.911332786E-05 (     4002.1111111111,     3945.2888888889)     0.21455923493249     0.13988041139646        106       123.5291213989        12.2070569992        25.4708786011     0.11066807806492       123.5291213989        12.2070569992        25.4708786011     0.11066807806492                  1.0                    0        20.1824111938         2.4015047550          1 ellipse      [        6.192823410         3.8453497887]       167.7422485352     0.67734134197235         14
    15       266.4294088664       -29.0211275281      3.737835817E-05      2.417264207E-05 (     3987.1333333333,     3948.1666666667)     0.23913424093007     0.17690759253446         44        33.9826774597         6.4033894539         7.0173234940     0.05830533429980        33.9826774597         6.4033894539         7.0173234940     0.05830533429980                  1.0                    0         8.9735279083         2.4161386490          0 ellipse      [        3.9408617020         2.8912990093]       173.5536041260     0.46569222211838         15
    16       266.4243983646       -29.0103541812      1.825953484E-05      1.345520559E-05       (     4019.1842105263,     4027.0)     0.11683299607603     0.09846466807312         54        34.9128150940         8.1862754822        32.0871849060     0.12290373444557        34.9128150940         8.1862754822        32.0871849060     0.12290373444557                  1.0                    0         5.1873517036         2.2938613892          0 ellipse      [        2.1699211597         1.8098381758]         9.6509037018     0.28797408938408         16
    17       266.4173777773       -29.0081490576      2.462309396E-06      2.093758408E-06 (     4064.1083657849,     4043.1383107292)     0.01575603578885     0.01532085864756        259      7343.0776367188        89.0746383667       590.9223632812      0.5395353436470      7343.0776367188        89.0746383667       590.9223632812      0.5395353436470                  1.0                    0       289.9615173340         2.2409281731          0 ellipse      [        4.4427261353         3.5542993546]        41.3351593018     0.59108859300613         17
    18       266.4157272223       -29.0081601121       1.50130918E-05      1.191293868E-05 (     4074.6705202312,     4043.0578034682)      0.0960685386990     0.08717061319430         62       148.4428710938        16.5850028992       126.5571289062     0.24968016147614       148.4428710938        16.5850028992       126.5571289062     0.24968016147614                  1.0                    0        12.0851840973         2.2338707447          0 ellipse      [        3.8050191402         3.4238629341]        11.4383630753     0.53858882188797         18
    19       266.4157010208       -29.0064901522      1.573639838E-05      1.582337398E-05 (     4074.8378378378,     4055.2770270270)     0.10069791793740     0.11578366468302         56       133.9515075684        15.2659187317        99.0484924316     0.21968382596970       133.9515075684        15.2659187317        99.0484924316     0.21968382596970                  1.0                    0        12.1885795593         2.2350656986          0 ellipse      [        4.3543753624         3.5217313766]       114.2233276367     0.58402240276337         19
    20       266.4086721230       -29.0061117748      8.641967952E-06      6.955130765E-06 (     4119.8176291793,     4058.0455927052)     0.05530392846140     0.05088949374431        127       328.7151489258        19.3654727936        46.2848587036     0.14686979353428       328.7151489258        19.3654727936        46.2848587036     0.14686979353428                  1.0                    0        41.8308639526         2.2228059769          0 ellipse      [        3.0262956619         2.7506446838]       165.3268280029     0.43266338109970         20
    21       266.4159146466       -29.0055772640      1.311194683E-05      1.368008647E-05 (     4073.4705882353,     4061.9566563467)     0.08390438960078     0.10010074523643        109       300.7739868164        21.7964229584       174.2260131836     0.28987261652946       300.7739868164        21.7964229584       174.2260131836     0.28987261652946                  1.0                    0        21.1398067474         2.2358536720          0 ellipse      [        5.4091467857         4.5094189644]        96.9394073486     0.73630887269974         21
    22       266.4234395444       -28.9978598934      5.442552623E-05      3.198949793E-05 (     4025.3111111111,     4118.4222222222)     0.34828996323631     0.23410220177902         56        25.7070808411         6.7088937759        19.2929191589     0.09619832038879        25.7070808411         6.7088937759        19.2929191589     0.09619832038879                  1.0                    0         4.6937007904         2.2899675369          0 ellipse      [        7.3092074394         4.2308311462]       159.6511535645     0.80946373939514         22
    23       266.4144337792       -28.9851776684      4.505578215E-05      3.804653027E-05 (     4082.9444444444,     4211.2222222222)     0.28837799078519     0.27839437737657         53        13.8896989822         4.6908206940         8.1103010178     0.06163195148110        13.8896989822         4.6908206940         8.1103010178     0.06163195148110                  1.0                    0         3.4928352833         2.3582041264          0 ellipse      [        3.6722605228         3.5415081978]         6.8134975433     0.50975114107132         23
    24       266.4160868241       -28.9835845685      4.678199491E-05      3.738976431E-05 (     4072.3636363636,     4222.8787878788)     0.29942761992561     0.27359315661943         56        23.7894821167         5.7449498177         9.2105188370     0.06668452918530        23.7894821167         5.7449498177         9.2105188370     0.06668452918530                  1.0                    0         5.7240896225         2.3809447289          0 ellipse      [        6.0401291847         3.5180029869]        39.7456779480     0.64535790681839         24
    25       266.4081930701       -29.0095159005      5.083886805E-05      4.563894868E-05 (     4122.8823529412,     4033.1372549020)     0.32533312867963     0.33393211253360         78        27.9309310913         7.1421842575        23.0690689087     0.10388941317797        27.9309310913         7.1421842575        23.0690689087     0.10388941317797                  1.0                    0         4.7497720718         2.2319076061          0 ellipse      [        7.5902576447         6.4925107956]       130.1549835205         1.0484243631         25
    26       266.4145968634       -29.0088482805      2.291084132E-05      1.881657683E-05 (     4081.9039548023,     4038.0225988701)     0.14660633020685     0.13768508846124        108       122.5395050049        16.9728870392       165.4604949951     0.28093680739403       122.5395050049        16.9728870392       165.4604949951     0.28093680739403                  1.0                    0         8.8207006454         2.2285423279          0 ellipse      [        5.8908076286         5.4530901909]        17.7719211578     0.84774768352509         26
    27       266.4077620685       -28.9857626845      5.509556348E-05       4.01742913E-05 (     4125.6470588235,     4206.9411764706)     0.35265270794935     0.29394458576280         58        23.8799896240         5.8313660622        10.1200103760     0.06951263546944        23.8799896240         5.8313660622        10.1200103760     0.06951263546944                  1.0                    0         5.5574021339         2.3581480980          0 ellipse      [        6.7505326271         4.3503007889]        32.0768661499     0.76601332426071         27
    28       266.4221579886       -28.9996507058       5.42163657E-05      4.425397258E-05 (     4033.5138888889,     4105.3194444444)     0.34694047210814     0.32383837328143         83        31.8992328644         8.4863996506        40.1007690430     0.13777562975883        31.8992328644         8.4863996506        40.1007690430     0.13777562975883                  1.0                    0         4.3156871796         2.2775590420          0 ellipse      [       10.9191665649         5.1697840691]       138.1160583496         1.0996134281         28
    29       266.4191942008       -28.9879412135      6.100984376E-05      4.011452172E-05       (     4052.4761904762,     4191.0)     0.39047065976956     0.29354352395058         46        10.9844017029         4.5830988884        10.0155982971     0.06923393905163        10.9844017029         4.5830988884        10.0155982971     0.06923393905163                  1.0                    0         2.5657913685         2.3444859982          0 ellipse      [        5.7893919945         3.4036715031]       152.4217529297     0.63113373517990         29
