 
--------------------------------------------------------------------------------
Data for Table Block SRCLIST
--------------------------------------------------------------------------------
 
ROW    RA                   DEC                  RA_ERR               DEC_ERR              POS(X,Y)                                 X_ERR                Y_ERR                NPIXSOU    NET_COUNTS           NET_COUNTS_ERR       BKG_COUNTS           BKG_COUNTS_ERR       NET_RATE             NET_RATE_ERR         BKG_RATE             BKG_RATE_ERR         EXPTIME              EXPTIME_ERR          SRC_SIGNIFICANCE     PSF_SIZE             MULTI_CORREL_MAX SHAPE        R[2]                                     ROTANG               PSFRATIO             COMPONENT
 
     1       266.4218576648       -29.0362664140      5.226933746E-05      3.270891975E-05 (     4085.8285714286,     3921.2285714286)     0.33438512389012     0.23933825192353         84        28.0352230072         5.9163641930         6.9647774696     0.05799917131662        28.0352230072         5.9163641930         6.9647774696     0.05799917131662                  1.0                    0         7.4215378761         2.5043916702          0 ellipse      [        5.9353570938         4.2469806671]         1.1756430864     0.66825169324875          1
     2       266.4201443331       -29.0304353825      5.767850843E-05      3.925913466E-05 (     4096.7894736842,     3963.8947368421)     0.36901416444925     0.28726175813154         47        10.3669004440         4.3593630791         8.6330995560     0.06361643224955        10.3669004440         4.3593630791         8.6330995560     0.06361643224955                  1.0                    0         2.5514225960         2.3942921162          0 ellipse      [        4.9776577950         3.5523297787]       159.4954528809     0.58542430400848          2
     3       266.4069787738       -29.0290679199      4.282072587E-05      5.160722992E-05 (     4181.0208333333,     3973.8958333333)     0.27400321770074     0.37758321301999         70        26.1094570160         6.9289784431        21.8905429840     0.10365732014179        26.1094570160         6.9289784431        21.8905429840     0.10365732014179                  1.0                    0         4.5343022346         2.4245014191          0 ellipse      [        8.0035343170         5.4742012024]        74.3953933716     0.91003394126892          3
     4       266.4255506947       -29.0280018903      6.113948047E-05      4.111131459E-05              (     4062.20,     3981.70)     0.39115214431240     0.30083217912988         58        15.8979511261         4.4723505974         4.1020488739     0.04382604733109        15.8979511261         4.4723505974         4.1020488739     0.04382604733109                  1.0                    0         4.9638648033         2.3559031487          0 ellipse      [        5.3427791595         3.9095666409]       164.0179138184     0.64664995670319          4
     5       266.4243217774       -29.0279353085      2.920542062E-05      2.481040717E-05        (     4070.06250,     3982.18750)     0.18684782411083     0.18154609435351         55        28.1643161774         5.8311910629         5.8356847763     0.05281261354685        28.1643161774         5.8311910629         5.8356847763     0.05281261354685                  1.0                    0         7.8974399567         2.3548460007          0 ellipse      [        2.4322628975         1.9640607834]        41.0733451843     0.30938479304314          5
     6       266.4235909755       -29.0278340492      3.160461756E-05        3.2340722E-05 (     4074.7380952381,     3982.9285714286)     0.20219746250359     0.23664524465357         47        35.4586296082         6.4809865952         6.5413708687     0.05645000934601        35.4586296082         6.4809865952         6.5413708687     0.05645000934601                  1.0                    0         9.5827560425         2.3533003330          0 ellipse      [        5.0109047890         3.3931226730]       122.5733871460     0.58406239748001          6
     7       266.4226193414       -29.0278367325       2.74744994E-05       1.49837075E-05 (     4080.9545454545,     3982.9090909091)     0.17577776078633     0.10964048893720         51        39.3965339661         6.9285001755         8.6034679413     0.06412668526173        39.3965339661         6.9285001755         8.6034679413     0.06412668526173                  1.0                    0         9.7075386047         2.3534076214          0 ellipse      [        2.6442842484         1.2270672321]        23.5300559998     0.25513488054276          7
     8       266.4213485296       -29.0277399989      3.252583332E-05      1.456963203E-05 (     4089.0851063830,     3983.6170212766)     0.20809726117341     0.10660908520322         82        87.9039077759        10.2473535538        17.0960922241     0.09085144847631        87.9039077759        10.2473535538        17.0960922241     0.09085144847631                  1.0                    0        16.8254413605         2.3531844616          0 ellipse      [        4.2895622253         2.1737184525]         4.4561409950     0.43254461884499          8
     9       266.4196268987       -29.0275971206      3.490587909E-05      3.083958656E-05           (     4100.10,     3984.66250)     0.22332711434046     0.22565443021358         79        60.8849449158         8.9447832108        19.1150531769     0.09566747397184        60.8849449158         8.9447832108        19.1150531769     0.09566747397184                  1.0                    0        11.1571722031         2.3539149761          0 ellipse      [        6.5033998489         5.5025572777]       133.2051391602     0.84711128473282          9
    10       266.4186116141       -29.0275219095      3.662867567E-05      2.499269943E-05 (     4106.5957446809,     3985.2127659574)     0.23435100461029     0.18287025536392         38        37.3760147095         6.8559832573         9.6239862442     0.06714604794979        37.3760147095         6.8559832573         9.6239862442     0.06714604794979                  1.0                    0         8.8550558090         2.3556351662          0 ellipse      [        5.1305952072         3.3247685432]        26.7423973083     0.58443379402161         10
    11       266.4176823720       -29.0275666566      4.341851127E-05      2.835776506E-05 (     4112.5409836066,     3984.8852459016)     0.27779390690193     0.20748990728771         55        45.8384361267         7.8107089996        15.1615657806     0.08471403270960        45.8384361267         7.8107089996        15.1615657806     0.08471403270960                  1.0                    0         9.1880283356         2.3559737206          0 ellipse      [        6.5986046791         4.7392015457]        13.6588306427     0.79120117425919         11
    12       266.4166537717       -29.0274076172      3.011098192E-05       1.62974975E-05 (     4119.1219512195,     3986.0487804878)     0.19265242719757     0.11924419683874         40        45.0059165955         7.5502138138        11.9940843582     0.07566909492016        45.0059165955         7.5502138138        11.9940843582     0.07566909492016                  1.0                    0         9.8483676910         2.3557326794          0 ellipse      [        3.7757968903         2.1646373272]       165.9863739014     0.40452894568443         12
    13       266.4157537914       -29.0273650573       2.22267563E-05      1.874749209E-05            (     4124.880,     3986.360)     0.14221111067673     0.13717142559562         36        29.7587852478         6.4035444260        11.2412147522     0.07335602492094        29.7587852478         6.4035444260        11.2412147522     0.07335602492094                  1.0                    0         6.6681375504         2.3565444946          0 ellipse      [        2.1815428734         2.0062079430]       147.7799835205     0.29591906070709         13
    14       266.4146902995       -29.0272751538      2.800561498E-05      1.572044796E-05 (     4131.6842105263,     3987.0175438596)     0.17918438850120     0.11501931019393         80       100.4935531616        11.2255125046        25.5064449310     0.11014967411757       100.4935531616        11.2255125046        25.5064449310     0.11014967411757                  1.0                    0        16.4095096588         2.3570773602          0 ellipse      [        4.1118946075         2.5199086666]        11.7354965210     0.45521682500839         14
    15       266.4130698717       -29.0271172459      3.683401945E-05      2.541046654E-05 (     4142.0517241379,     3988.1724137931)     0.23567447393634     0.18591601007711         77        52.3845520020         8.7756280899        24.6154499054     0.10792030394077        52.3845520020         8.7756280899        24.6154499054     0.10792030394077                  1.0                    0         8.6780939102         2.3600585461          0 ellipse      [        5.4107112885         4.2142820358]         9.0133161545     0.67444252967834         15
    16       266.4118626548       -29.0270403319      3.559443439E-05       1.70935886E-05 (     4149.7755102041,     3988.7346938776)     0.22774139766079     0.12505895387494         34        37.8008880615         7.0003786087        11.1991109848     0.07282468676567        37.8008880615         7.0003786087        11.1991109848     0.07282468676567                  1.0                    0         8.4817190170         2.3619079590          0 ellipse      [        4.7833814621         2.6247587204]       178.7371368408     0.50006675720215         16
    17       266.4110211560       -29.0270119416      2.998385668E-05      3.474967734E-05 (     4155.1594202899,     3988.9420289855)     0.19185602098878     0.25425103073439         60        48.4372749329         8.3072080612        20.5627269745     0.09848394989967        48.4372749329         8.3072080612        20.5627269745     0.09848394989967                  1.0                    0         8.6239938736         2.3647983074          0 ellipse      [        6.7545742989         4.1686463356]        63.8651885986     0.74796479940414         17
    18       266.4102752376       -29.0269729056      3.030623787E-05      1.749772455E-05 (     4159.9318181818,     3989.2272727273)     0.19390966434548     0.12801583532791         28        33.9874687195         6.6336078644        10.0125293732     0.06892265379429        33.9874687195         6.6336078644        10.0125293732     0.06892265379429                  1.0                    0         7.9398303032         2.3701078892          0 ellipse      [        3.8633728027         2.5404722691]         3.7204482555     0.44060677289963         18
    19       266.4093824604       -29.0269102904      3.122588157E-05      2.958912807E-05 (     4165.6438356164,     3989.6849315068)     0.19980273910096     0.21648752027795         57        51.7316894531         8.5445985794        21.2683124542     0.10085730999708        51.7316894531         8.5445985794        21.2683124542     0.10085730999708                  1.0                    0         9.0879039764         2.3748314381          0 ellipse      [        5.5602006912         5.1091947556]        99.2492675781     0.74811339378357         19
    20       266.4082380985       -29.0268215791       3.27764983E-05      1.880979178E-05 (     4172.9655172414,     3990.3333333333)     0.20971784948779     0.13761137927986         79        83.9761657715        10.7245187759        31.0238361359     0.12371889501810        83.9761657715        10.7245187759        31.0238361359     0.12371889501810                  1.0                    0        12.6530561447         2.3820023537          0 ellipse      [        5.8968563080         3.8068683147]         7.3880248070     0.66302627325058         20
    21       266.4066176328       -29.0267222756      3.711182706E-05      2.520065275E-05 (     4183.3333333333,     3991.0588235294)     0.23746277287046     0.18436770664039         78        74.9357757568        10.1001806259        27.0642242432     0.11685398966074        74.9357757568        10.1001806259        27.0642242432     0.11685398966074                  1.0                    0        11.9440135956         2.3954584599          0 ellipse      [        7.4744362831         5.2059254646]       157.8119049072     0.86801713705063         21
    22       266.4047515261       -29.0266804174      3.532270927E-05      3.632334228E-05 (     4195.2727272727,     3991.3636363636)     0.22602965836722     0.26575099488946         63        25.0531940460          6.403863430        15.9468059540     0.09731282293797        25.0531940460          6.403863430        15.9468059540     0.09731282293797                  1.0                    0         4.9257459641         2.4102015495          0 ellipse      [        3.0604102612         1.6381318569]        53.4107055664     0.30966323614120         22
    23       266.4119639219       -29.0157974133      3.663488263E-05      5.273660351E-05       (     4149.1333333333,     4071.0)     0.23444181146533     0.38586123009281         42        17.0666732788         5.4777793884        12.9333257675     0.07790584862232        17.0666732788         5.4777793884        12.9333257675     0.07790584862232                  1.0                    0         3.6319043636         2.2818286419          0 ellipse      [        6.3735690117         3.7970538139]        82.7061233521     0.71863842010498         23
    24       266.4174388647       -29.0082828205      9.518880631E-06      8.423789925E-06 (     4114.1022167488,     4125.9864532020)     0.06091412382739     0.06163606692553        222       834.6768188477        32.2815933228       207.3231658936     0.31838467717171       834.6768188477        32.2815933228       207.3231658936     0.31838467717171                  1.0                    0        54.1128578186         2.2383320332          1 ellipse      [        6.0508823395         4.2739334106]        46.0098114014     0.75731658935547         24
    25       266.4158818466       -29.0083168934      2.695290863E-05      2.298525637E-05 (     4124.0657894737,     4125.7368421053)     0.17248164537432     0.16817849569725         69        90.4120864868        12.3300514221        61.5879173279     0.17368747293949        90.4120864868        12.3300514221        61.5879173279     0.17368747293949                  1.0                    0        10.1638727188         2.2460503578          0 ellipse      [        6.5293726921         6.0628128052]        35.0207786560     0.93375313282013         25
    26       266.4240670336       -29.0078139971      2.262987698E-05      2.443685782E-05   (     4071.68750,     4129.4166666667)     0.14480665390056     0.17881101652165         76        44.3426666260         8.7758541107        32.6573333740     0.12498260289431        44.3426666260         8.7758541107        32.6573333740     0.12498260289431                  1.0                    0         6.5403056145         2.2229707241          0 ellipse      [        3.7477428913         2.9707770348]       102.1989135742     0.50033968687057         26
    27       266.4087643804       -29.0062816539      1.187530358E-05      1.177442477E-05 (     4169.6129032258,     4140.6258064516)     0.07600158647438     0.08614697751727        111       153.0773925781        13.2291507721        21.9226093292     0.10211250931025       153.0773925781        13.2291507721        21.9226093292     0.10211250931025                  1.0                    0        26.5686645508         2.2871882915          0 ellipse      [        3.2181100845         2.8380167484]        87.7598876953     0.44043797254562         27
    28       266.4159388059       -29.0061749054      1.861073792E-05      2.115314863E-05 (     4123.7018633540,     4141.4099378882)     0.11910080671532     0.15477484444909        176       295.7261352539        20.9061851501       141.2738494873     0.26180776953697       295.7261352539        20.9061851501       141.2738494873     0.26180776953697                  1.0                    0        22.8936710358         2.2452220917          0 ellipse      [        5.8932437897         4.5315461159]        92.1054153442     0.76721984148026         28
    29       266.4207364866       -29.0005779659      2.841090742E-05      2.648846073E-05       (     4093.0,     4182.3636363636)     0.18181818181802     0.19381883305050         60        17.4831371307         6.0007128716        18.5168628693     0.09248981624842        17.4831371307         6.0007128716        18.5168628693     0.09248981624842                  1.0                    0         3.2439837456         2.2512364388          0 ellipse      [        2.0842101574         1.6272072792]       127.3724441528     0.27267783880234         29
    30       266.4080025634       -29.0131910221      4.483634063E-05      4.662400159E-05 (     4174.4827586207,     4090.0689655172)     0.28693587949601     0.34112158325252         58        17.2578620911         5.3856887817        11.7421369553     0.07512302696705        17.2578620911         5.3856887817        11.7421369553     0.07512302696705                  1.0                    0         3.8059675694         2.2934644222          0 ellipse      [        6.0428819656         3.9170484543]       122.5982742310     0.70711207389832         30
    31       266.4145353140       -29.0128606660      5.131759917E-05      3.363030978E-05 (     4132.6808510638,     4092.4893617021)     0.32838601839103     0.24605964972488         59        17.3925647736         6.8566794395        29.6074352264     0.11853376775980        17.3925647736         6.8566794395        29.6074352264     0.11853376775980                  1.0                    0         2.6717681885         2.2599194050          0 ellipse      [        6.7664470673         5.0439162254]       174.7613677979     0.86168801784515         31
    32       266.4261654575       -28.9999441985      5.246295774E-05      4.930718659E-05       (     4058.2564102564,     4187.0)     0.33572700455625     0.36080121229406         74        22.2700061798         6.2456417084        16.7299938202     0.08967417478561        22.2700061798         6.2456417084        16.7299938202     0.08967417478561                  1.0                    0         4.2984752655         2.2566559315          0 ellipse      [        7.3566560745         5.5797891617]        52.7336349487     0.94637340307236         32
    33       266.4250587687       -28.9816764679      4.252234226E-05      3.719441964E-05 (     4065.3333333333,     4320.6666666667)     0.27216552697564     0.27216552697519         56         8.1739578247         3.7420659065         5.8260421753     0.05529798567295         8.1739578247         3.7420659065         5.8260421753     0.05529798567295                  1.0                    0         2.2932343483         2.5849571228          0 ellipse            [        1.7320507765         1.0]                 45.0     0.16970932483673         33
