 
--------------------------------------------------------------------------------
Data for Table Block SRCLIST
--------------------------------------------------------------------------------
 
ROW    RA                   DEC                  RA_ERR               DEC_ERR              POS(X,Y)                                 X_ERR                Y_ERR                NPIXSOU    NET_COUNTS           NET_COUNTS_ERR       BKG_COUNTS           BKG_COUNTS_ERR       NET_RATE             NET_RATE_ERR         BKG_RATE             BKG_RATE_ERR         EXPTIME              EXPTIME_ERR          SRC_SIGNIFICANCE     PSF_SIZE             MULTI_CORREL_MAX SHAPE        R[2]                                     ROTANG               PSFRATIO             COMPONENT
 
     1       266.4231883231       -29.0282976450      2.562249529E-05      2.811847788E-05 (     4033.1176470588,     3913.5294117647)     0.16391306965170     0.20575873698726         37        27.1167602539         5.5679292679         3.8832402229     0.04287808388472        27.1167602539         5.5679292679         3.8832402229     0.04287808388472                  1.0                    0         8.6016788483         2.4538495541          0 ellipse      [        2.6273522377         1.9197018147]       111.3233489990     0.30507516860962          1
     2       266.4224203139       -29.0282163021      3.686826165E-05      2.156415699E-05        (     4038.031250,     3914.1250)     0.23586764280390     0.15780476466171         29        28.0592956543         5.6570210457         3.9407038689     0.04345766454935        28.0592956543         5.6570210457         3.9407038689     0.04345766454935                  1.0                    0         8.8632469177         2.4466521740          0 ellipse      [        4.1402091980         2.4602849483]        18.5212383270     0.43482086062431          2
     3       266.4213310858       -29.0281508853      3.256418955E-05      1.919922565E-05       (     4045.0,     3914.6041666667)     0.20833333333348     0.14049634032108         99        74.9250259399         9.6958398819        19.0749740601     0.09646330773830        74.9250259399         9.6958398819        19.0749740601     0.09646330773830                  1.0                    0        13.7413463593         2.4331462383          0 ellipse      [        4.3492326736         2.8916292191]         7.2007045746     0.48583427071571          3
     4       266.4192693065       -29.0279510151      3.537637616E-05      1.665049255E-05 (     4058.1910112360,     3916.0674157303)     0.22632928992925     0.12184433871016        106       106.6097183228        11.5764131546        27.3902816772     0.11550582200289       106.6097183228        11.5764131546        27.3902816772     0.11550582200289                  1.0                    0        16.9094505310         2.4170439243          0 ellipse      [        6.4739556313         3.3182463646]         9.7204847336     0.63919502496719          4
     5       266.4177463428       -29.0278147079      3.230729214E-05      1.511966709E-05 (     4067.9347826087,     3917.0652173913)     0.20669577782701     0.11063951818142         82        115.151840210        11.7903032303        23.8481559753     0.10611852258444        115.151840210        11.7903032303        23.8481559753     0.10611852258444                  1.0                    0        19.3219051361         2.4098439217          0 ellipse      [        5.9846081734         3.1136572361]         7.4639058113     0.59709453582764          5
     6       266.4164768953       -29.0277127764      2.748105817E-05      2.918595924E-05 (     4076.0566037736,     3917.8113207547)     0.17581644838901     0.21356057560843         39        40.8578453064         7.2805066109        12.1421546936     0.07602407038212        40.8578453064         7.2805066109        12.1421546936     0.07602407038212                  1.0                    0         8.9003963470         2.4058761597          0 ellipse      [        4.8531303406         3.5981869698]       114.3125991821     0.57897299528122          6
     7       266.4147584894       -29.0275503533      2.712625809E-05      1.702158088E-05       (     4087.0508474576,     3919.0)     0.17355092805019     0.12455032590424         68        79.6268310547        10.1494379044        23.3731670380     0.10532747209072        79.6268310547        10.1494379044        23.3731670380     0.10532747209072                  1.0                    0        13.4697408676         2.4020748138          0 ellipse      [        4.0584816933         2.7856230736]        13.5410871506     0.46658971905708          7
     8       266.4136770726       -29.0274758154       2.77485492E-05      2.369201809E-05 (     4093.9696969697,     3919.5454545455)     0.17753343254844     0.17335683440842         61        76.4027633667         9.9504127502        22.5972366333     0.10354565083981        76.4027633667         9.9504127502        22.5972366333     0.10354565083981                  1.0                    0        13.1008405685         2.3995947838          0 ellipse      [        5.6717858315         4.7634391785]        41.0409202576     0.72203963994980          8
     9       266.4125443727       -29.0273248594      3.017549471E-05      1.699214308E-05     (     4101.2166666667,     3920.650)     0.19306254983348     0.12433154601013         61        71.8801803589         9.7985401154        24.1198215485     0.10667886584997        71.8801803589         9.7985401154        24.1198215485     0.10667886584997                  1.0                    0        12.0061130524         2.3975183964          0 ellipse      [        4.4868793488         2.8884100914]         1.1302509308     0.50051653385162          9
    10       266.4116377922       -29.0272028938      2.608850178E-05      1.648478314E-05 (     4107.0169491525,     3921.5423728814)     0.16691520849781     0.12061804334598         42        54.3619384766         8.4857711792        17.6380596161     0.09116822481155        54.3619384766         8.4857711792        17.6380596161     0.09116822481155                  1.0                    0        10.2799930573         2.3978469372          0 ellipse      [        3.9087910652         2.6908628941]       165.7859649658     0.45084193348885         10
    11       266.4106653192       -29.0271923511      2.914473828E-05      2.509901855E-05 (     4113.2388059701,     3921.6194029851)     0.18647134986804     0.18364723274499         83        96.7504806519        11.5765991211        37.2495231628     0.13283650577068        96.7504806519        11.5765991211        37.2495231628     0.13283650577068                  1.0                    0        13.5043849945         2.3965809345          0 ellipse      [        6.4784021378         6.3748521805]         9.3573522568     0.89383149147034         11
    12       266.4094444388       -29.0270469181      2.767236452E-05      1.749425783E-05     (     4121.050,     3922.6833333333)     0.17705146772096     0.12800101272751         71        73.2194976807        10.3930988312        34.7805061340     0.12849274277687        73.2194976807        10.3930988312        34.7805061340     0.12849274277687                  1.0                    0        10.5189132690         2.3971514702          0 ellipse      [        4.1472392082         2.9283792973]       169.7686309814     0.48459228873253         12
    13       266.4081766980       -29.0269364232      2.714275399E-05      1.836819673E-05 (     4129.1610169492,     3923.4915254237)     0.17366486585979     0.13439393504768         83       102.1580429077        12.0839166641        43.8419570923     0.14507277309895       102.1580429077        12.0839166641        43.8419570923     0.14507277309895                  1.0                    0        13.3057775497         2.3943073750          0 ellipse      [        5.6871376038         4.3436613083]         8.7825069427     0.69194841384888         13
    14       266.4072988062       -29.0268858772      2.440940591E-05      1.595129905E-05 (     4134.7777777778,     3923.8611111111)     0.15617710919923     0.11670891357335         43        56.5800323486         8.9449043274        23.4199657440     0.10638133436441        56.5800323486         8.9449043274        23.4199657440     0.10638133436441                  1.0                    0         9.5634222031         2.3951675892          0 ellipse      [        3.9819960594         2.9623727798]         4.8558769226     0.47798371315002         14
    15       266.4061479471       -29.0267476945      2.383094574E-05      1.534801086E-05 (     4142.1410256410,     3924.8717948718)     0.15247719888066     0.11229331127788         86        99.1458206177        12.0839815140        46.8541793823     0.15037754178047        99.1458206177        12.0839815140        46.8541793823     0.15037754178047                  1.0                    0        12.5507736206         2.3953950405          0 ellipse      [        4.0893411636         2.9069516659]        12.7303514481     0.47978553175926         15
    16       266.4049274230       -29.0266298810      3.178025094E-05      1.902288846E-05     (     4149.950,     3925.7333333333)     0.20334016382003     0.13917747795676         77        63.9176635742        10.1989927292        40.0823364258     0.13944070041180        63.9176635742        10.1989927292        40.0823364258     0.13944070041180                  1.0                    0         8.6491889954         2.3955419064          0 ellipse      [        4.7591104507         3.1840806007]         9.2265262604     0.54166388511658         16
    17       266.4036952747       -29.0265637436       2.58298686E-05      2.039822708E-05 (     4157.8333333333,     3926.2166666667)     0.16527194200717     0.14924191149976         98        83.7393188477        11.3146610260        44.2606773376     0.14682273566723        83.7393188477        11.3146610260        44.2606773376     0.14682273566723                  1.0                    0        10.8625402451         2.3994450569          0 ellipse      [        3.8774399757         3.4268002510]        17.0984954834     0.50638967752457         17
    18       266.4187449366       -29.0154637939      4.091739464E-05      4.830158098E-05   (     4061.5416666667,     4007.43750)     0.26180187147429     0.35343828286113         71        25.8132381439         6.9289669991        22.1867618561     0.10286570340395        25.8132381439         6.9289669991        22.1867618561     0.10286570340395                  1.0                    0         4.4588351250         2.2781858444          0 ellipse      [        7.6263213158         5.0411744118]       110.9745559692     0.90722084045410         18
    19       266.4118717055       -29.0116138337      4.791927392E-05      2.484235462E-05 (     4105.5217391304,     4035.6086956522)     0.30663467063823     0.18176960879009         25        13.5876789093         4.7962846756         9.4123210907     0.06591781228781        13.5876789093         4.7962846756         9.4123210907     0.06591781228781                  1.0                    0         3.2445557117         2.2270164490          0 ellipse      [        4.5768666267         2.3140330315]        17.9723205566     0.48710682988167         19
    20       266.4173496808       -29.0082456810      5.301819499E-06      4.804744929E-06 (     4070.4676705049,     4060.2533215235)     0.03392590739668     0.03515783788089        155      1133.7764892578        35.8479232788       151.2234649658     0.27145412564278      1133.7764892578        35.8479232788       151.2234649658     0.27145412564278                  1.0                    0        85.0688476562         2.2455940247          0 ellipse      [        3.9195599556         2.9819073677]        48.8398017883     0.50747334957123         20
    21       266.4156134095       -29.0081733146      2.398206539E-05      1.663715034E-05 (     4081.5783132530,     4060.7831325301)     0.15346246383433     0.12173826032540         70        94.3805084229        12.5710477829        63.6194915771     0.17678733170033        94.3805084229        12.5710477829        63.6194915771     0.17678733170033                  1.0                    0        10.4599227905         2.2379295826          0 ellipse      [        4.3732881546         3.0882742405]        23.5711727142     0.54738676548004         21
    22       266.4167976632       -29.0077336504                    0                    0                (     4074.0,     4064.0)                    0                    0         74       272.9784240723        18.7093048096        77.0215835571     0.19518253207207       272.9784240723        18.7093048096        77.0215835571     0.19518253207207                  1.0                    0        27.8015499115         2.2430052757          0 ellipse      [     3.576278687E-07      3.576278687E-07]                 90.0      5.314712936E-08         22
    23       266.4086279988       -29.0062170569      1.372566339E-05      1.230680397E-05 (     4126.2795698925,     4075.0967741935)     0.08783780262183     0.09004632115511         83        95.7705230713        10.6774797440        18.2294750214     0.09257347136736        95.7705230713        10.6774797440        18.2294750214     0.09257347136736                  1.0                    0        17.8791637421         2.2218668461          0 ellipse      [        2.6964647770         2.4440979958]        52.3413734436     0.38513889908791         23
    24       266.4158300509       -29.0059270055      1.779826516E-05      2.042135773E-05 (     4080.1916376307,     4077.2195121951)     0.11389304996101     0.14942701700829        169       277.3551940918        20.4222412109       139.6447906494     0.26062726974487       277.3551940918        20.4222412109       139.6447906494     0.26062726974487                  1.0                    0        21.5860252380         2.2408463955          0 ellipse      [        7.5950417519         5.7875208855]        88.8166503906     0.98622959852219         24
    25       266.4204628133       -29.0005448387      2.704254206E-05      1.928666635E-05      (     4050.5428571429,     4116.60)     0.17305352312496     0.14113244611690         54        31.5706577301         7.0005855560        17.4293422699     0.09052647650242        31.5706577301         7.0005855560        17.4293422699     0.09052647650242                  1.0                    0         5.9977798462         2.2743880749          0 ellipse      [        3.1609067917         2.3909041882]        21.1765880585     0.40290355682373         25
    26       266.4235709204       -28.9925633046      8.317228338E-05      3.937764427E-05       (     4030.6470588235,     4175.0)     0.53228746084505     0.28817526385683         55        11.1621007919         4.1234273911         5.8378992081     0.05150234699249        11.1621007919         4.1234273911         5.8378992081     0.05150234699249                  1.0                    0         3.1295402050         2.3371403217          0 ellipse      [        6.5847268105         3.5632483959]       179.0105285645     0.69085335731506         26
    27       266.4016824018       -29.0263592420      3.983040995E-05      3.194111756E-05 (     4170.7118644068,     3927.7118644068)     0.25485895458587     0.23369045967638        142        74.6181564331        10.7247171402        40.3818397522     0.13982625305653        74.6181564331        10.7247171402        40.3818397522     0.13982625305653                  1.0                    0        10.0652933121         2.4097340107          0 ellipse      [        5.9070239067         5.3474969864]        14.6506853104     0.77744424343109         27
    28        266.411859420       -29.0156261885      4.164197401E-05      4.653489081E-05             (     4105.60,     4006.250)     0.26645825188916     0.34049596179693         58        21.1465473175         6.3252530098        18.8534526825     0.09393959492445        21.1465473175         6.3252530098        18.8534526825     0.09393959492445                  1.0                    0         3.8961293697         2.2551264763          0 ellipse      [        6.6919393539         4.7450447083]        68.2984085083     0.83292132616043         28
    29       266.4143648750       -29.0127779342       4.36155803E-05      3.161995806E-05 (     4089.5681818182,     4027.0909090909)     0.27908818341984     0.23136806081266         50        20.3169021606         6.6341013908        23.6830978394     0.10629972070456        20.3169021606         6.6341013908        23.6830978394     0.10629972070456                  1.0                    0         3.4186360836         2.2388341427          0 ellipse      [        5.5860595703         4.5649542809]       169.2663116455     0.75184416770935         29
    30       266.4240927281       -28.9814659316      5.435201376E-05      6.914412483E-05              (     4027.30,     4256.20)     0.34785054261829     0.50596442562710         43         6.5333189964         3.1625404358         3.4666807652     0.04076645150781         6.5333189964         3.1625404358         3.4666807652     0.04076645150781                  1.0                    0         2.1396474838         2.4926836491          0 ellipse      [        5.0459313393         2.9100816250]       112.1781234741     0.51243036985397         30
