   6    13    266.42434   -29.01055    0.21    0.25    1.53    Y
   8    14    266.41461   -29.00904    0.52    0.42    2.23    Y
   9    15    266.41740   -29.00828    0.20    0.17    1.07    Y
  10    16    266.41575   -29.00825    0.45    0.50    2.13    Y
  13    17    266.40866   -29.00627    0.05    0.12    0.68    Y
  14    18    266.41584   -29.00612    0.36    0.29    1.82    Y
  15    19    266.41702   -29.00166    0.12    0.21    1.57    Y
  20    20    266.41420   -28.99406    0.45    0.41    1.38    Y
  21    27    266.42350   -28.99285    0.53    0.62    3.86    Y
  22    22    266.41626   -28.98381    0.20    0.17    0.74    Y
  29    21    266.40800   -28.98590    1.27    1.36    6.77    N
  31    28    266.41419   -29.01271    0.49    0.52    2.82    Y
  32    30    266.42404   -28.98196    0.92    0.83    2.09    Y
