   0     0    266.42179   -29.03626    0.63    0.10    0.51    Y
   1     1    266.42017   -29.03024    0.41    0.19    0.74    Y
   6    20    266.42434   -29.01055    0.72    0.18    0.85    Y
   9    22    266.41740   -29.00828    0.39    0.17    0.78    Y
  10    21    266.41575   -29.00825    0.44    0.23    1.25    Y
  11    23    266.41696   -29.00760    1.20    0.67    4.97    Y
  13    24    266.40866   -29.00627    0.33    0.25    2.15    Y
  14    25    266.41584   -29.00612    1.40    1.96   12.64    N
  17    26    266.42615   -28.99993    0.52    0.05    0.25    Y
  19    27    266.42326   -28.99801    0.49    0.48    3.39    Y
  22    28    266.41626   -28.98381    0.39    0.39    2.32    Y
  27    30    266.41191   -29.00751    0.56    0.13    0.78    Y
  30    35    266.41767   -29.01515    1.73    2.10   12.05    N
  31    29    266.41419   -29.01271    1.15    0.68    3.67    Y
