   0     0    266.42179   -29.03626    0.19    0.31    1.48    Y
   3    23    266.41941   -29.02553    1.11    1.23    5.02    N
   6     8    266.42434   -29.01055    0.60    0.48    1.98    Y
   8    10    266.41461   -29.00904    0.77    0.83    3.40    Y
   9    11    266.41740   -29.00828    0.02    0.12    0.72    Y
  10    12    266.41575   -29.00825    0.12    0.09    0.63    Y
  13    14    266.40866   -29.00627    0.23    0.17    1.38    Y
  14    15    266.41584   -29.00612    1.36    1.29    8.21    N
  15    16    266.41702   -29.00166    0.07    0.08    0.53    Y
  17    27    266.42615   -28.99993    0.49    0.37    1.57    Y
  19    17    266.42326   -28.99801    0.41    0.31    1.60    Y
  22    19    266.41626   -28.98381    0.46    0.58    2.49    Y
  23    20    266.41741   -28.98361    0.69    0.57    2.55    Y
  29    29    266.40800   -28.98590    1.18    1.21    5.41    N
  30     6    266.41767   -29.01515    1.40    1.52   12.38    N
  31    25    266.41419   -29.01271    0.20    0.22    1.53    Y
