   0     1    266.42179   -29.03626    0.49    0.36    1.39    Y
   1     2    266.42017   -29.03024    0.49    0.69    2.95    Y
   6    27    266.42434   -29.01055    0.28    0.22    1.04    Y
   9    29    266.41740   -29.00828    0.24    0.10    0.44    Y
  10    30    266.41575   -29.00825    0.25    0.07    0.39    Y
  13    32    266.40866   -29.00627    0.08    0.33    1.92    Y
  14    33    266.41584   -29.00612    0.79    0.55    4.76    Y
  19    35    266.42326   -28.99801    0.22    0.31    1.29    Y
  22    36    266.41626   -28.98381    0.34    0.09    0.34    Y
  26     0    266.43049   -29.03700    1.06    0.83    3.35    Y
  29    40    266.40800   -28.98590    1.03    0.76    3.19    Y
  31    41    266.41419   -29.01271    0.58    0.61    4.08    Y
