   0     0    266.42179   -29.03626    0.51    0.15    0.67    Y
   1     9    266.42017   -29.03024    0.47    0.53    2.31    Y
   4    24    266.41177   -29.01564    0.44    0.22    0.87    Y
   6    27    266.42434   -29.01055    0.67    0.35    1.47    Y
   8    28    266.41461   -29.00904    0.21    0.22    1.12    Y
   9    29    266.41740   -29.00828    0.39    0.14    1.07    Y
  10    30    266.41575   -29.00825    0.45    0.16    1.46    Y
  13    32    266.40866   -29.00627    0.55    0.20    1.33    Y
  17    46    266.42615   -28.99993    0.61    0.67    3.82    Y
  19    36    266.42326   -28.99801    0.44    0.28    1.77    Y
  22    40    266.41626   -28.98381    0.69    0.53    2.23    Y
  23    41    266.41741   -28.98361    0.48    0.35    1.73    Y
  30    25    266.41767   -29.01515    1.75    1.88   12.16    N
