   0     1    266.42179   -29.03626    0.49    0.10    0.42    Y
   1     2    266.42017   -29.03024    0.73    0.43    1.83    Y
   4     4    266.41177   -29.01564    0.40    0.07    0.34    Y
   6     6    266.42434   -29.01055    0.42    0.52    1.94    Y
   8     7    266.41461   -29.00904    0.86    0.52    2.69    Y
   9     8    266.41740   -29.00828    0.29    0.15    1.11    Y
  10     9    266.41575   -29.00825    0.48    0.13    1.19    Y
  13    10    266.40866   -29.00627    0.08    0.35    2.00    Y
  14    11    266.41584   -29.00612    0.71    1.10   10.03    N
  19    13    266.42326   -28.99801    0.35    0.40    2.50    Y
  22    14    266.41626   -28.98381    0.25    0.16    0.74    Y
  29    19    266.40800   -28.98590    0.56    0.66    2.66    Y
  31    21    266.41419   -29.01271    1.16    0.76    4.68    Y
