   0     0    266.42179   -29.03626    0.46    0.23    1.05    Y
   1     1    266.42017   -29.03024    0.54    0.33    1.44    Y
   3    18    266.41941   -29.02553    1.81    2.11    6.15    N
   6     8    266.42434   -29.01055    0.54    0.13    0.46    Y
   9     9    266.41740   -29.00828    0.38    0.11    0.63    Y
  10    10    266.41575   -29.00825    0.35    0.10    0.68    Y
  13    12    266.40866   -29.00627    0.62    0.24    2.13    Y
  14    13    266.41584   -29.00612    0.55    0.22    1.34    Y
  19    14    266.42326   -28.99801    0.20    0.22    1.01    Y
  22    17    266.41626   -28.98381    0.48    0.16    0.81    Y
  29    22    266.40800   -28.98590    0.16    0.25    0.80    Y
  31     7    266.41419   -29.01271    0.82    0.63    3.94    Y
  32    23    266.42404   -28.98196    0.41    0.17    0.50    Y
