   1     0    266.42017   -29.03024    0.74    0.43    1.37    Y
   8    16    266.41461   -29.00904    0.75    0.67    3.67    Y
   9     4    266.41740   -29.00828    0.33    0.09    0.54    Y
  10     5    266.41575   -29.00825    0.97    1.12    4.72    N
  11     6    266.41696   -29.00760    1.17    0.80    4.70    Y
  13     7    266.40866   -29.00627    0.36    0.30    1.91    Y
  14     8    266.41584   -29.00612    0.59    0.25    2.02    Y
  19    10    266.42326   -28.99801    0.45    0.71    4.11    Y
  21    19    266.42350   -28.99285    0.20    0.50    1.97    Y
  22    12    266.41626   -28.98381    0.31    0.11    0.52    Y
  27    17    266.41191   -29.00751    1.90    1.69   11.03    N
  32    20    266.42404   -28.98196    0.55    0.28    0.99    Y
