   0     0    266.42179   -29.03626    0.27    0.19    0.84    Y
   1     1    266.42017   -29.03024    0.26    0.60    2.71    Y
   2     4    266.42275   -29.02713    0.20    0.42    1.84    Y
   6    10    266.42434   -29.01055    0.59    0.37    1.32    Y
   8    11    266.41461   -29.00904    0.75    0.45    2.27    Y
   9    12    266.41740   -29.00828    0.27    0.18    1.34    Y
  10    13    266.41575   -29.00825    0.35    0.05    0.38    Y
  13    14    266.40866   -29.00627    0.32    0.08    0.45    Y
  14    15    266.41584   -29.00612    0.69    0.42    3.92    Y
  19    16    266.42326   -28.99801    0.87    0.55    3.30    Y
  22    17    266.41626   -28.98381    0.48    0.72    2.65    Y
  29    24    266.40800   -28.98590    1.62    1.69    4.02    N
  30     8    266.41767   -29.01515    1.35    1.70    8.99    N
  31    19    266.41419   -29.01271    1.12    0.85    6.18    Y
