   2     0    266.42275   -29.02713    0.29    0.30    1.24    Y
   6     5    266.42434   -29.01055    0.50    0.15    0.71    Y
   8    26    266.41461   -29.00904    0.62    0.42    2.14    Y
   9     6    266.41740   -29.00828    0.49    0.38    1.76    Y
  10     7    266.41575   -29.00825    0.43    0.21    1.14    Y
  13     8    266.40866   -29.00627    0.63    0.20    1.30    Y
  14     9    266.41584   -29.00612    1.51    0.95    8.16    Y
  16    10    266.41918   -29.00064    0.42    0.14    0.64    Y
  19    12    266.42326   -28.99801    0.38    0.45    1.48    Y
  20    13    266.41420   -28.99406    0.60    0.32    1.48    Y
  21    14    266.42350   -28.99285    0.92    0.38    1.50    Y
  22    15    266.41626   -28.98381    0.96    0.60    3.21    Y
  23    16    266.41741   -28.98361    0.41    0.29    1.19    Y
  30     3    266.41767   -29.01515    1.38    1.59   10.63    N
