   1     0    266.42017   -29.03024    0.46    0.62    2.46    Y
   6     8    266.42434   -29.01055    0.33    0.15    0.84    Y
   8    18    266.41461   -29.00904    0.49    0.32    1.61    Y
   9     9    266.41740   -29.00828    0.21    0.15    0.69    Y
  10    10    266.41575   -29.00825    0.13    0.25    1.36    Y
  13    11    266.40866   -29.00627    0.20    0.05    0.33    Y
  14    12    266.41584   -29.00612    1.30    1.13   10.17    N
  19    15    266.42326   -28.99801    0.17    0.15    0.60    Y
  22    16    266.41626   -28.98381    0.63    0.45    1.29    Y
  30     4    266.41767   -29.01515    1.37    1.44    6.81    N
