   0     0    266.42179   -29.03626    0.19    0.14    0.52    Y
   1     1    266.42017   -29.03024    0.77    0.62    2.24    Y
   6     5    266.42434   -29.01055    0.43    0.25    1.09    Y
   9     6    266.41740   -29.00828    0.15    0.18    0.84    Y
  10     7    266.41575   -29.00825    0.42    0.41    2.22    Y
  13     9    266.40866   -29.00627    0.11    0.25    1.44    Y
  14     8    266.41584   -29.00612    1.07    1.24   10.43    N
  19    11    266.42326   -28.99801    0.29    0.24    0.82    Y
  22    12    266.41626   -28.98381    0.39    0.38    1.47    Y
  30     3    266.41767   -29.01515    1.58    1.45   11.88    N
  31    17    266.41419   -29.01271    0.93    0.63    3.31    Y
