   0     0    266.42179   -29.03626    0.60    0.56    3.09    Y
   1     1    266.42017   -29.03024    0.47    0.40    2.03    Y
   6    24    266.42434   -29.01055    0.36    0.32    1.69    Y
   8    38    266.41461   -29.00904    0.67    0.47    1.87    Y
   9    25    266.41740   -29.00828    0.12    0.09    0.53    Y
  10    26    266.41575   -29.00825    0.11    0.10    0.63    Y
  13    27    266.40866   -29.00627    0.11    0.15    1.28    Y
  14    28    266.41584   -29.00612    0.35    0.21    1.28    Y
  19    30    266.42326   -28.99801    0.84    0.68    3.15    Y
  21    31    266.42350   -28.99285    0.57    0.68    3.26    Y
  22    33    266.41626   -28.98381    0.33    0.44    1.68    Y
  30    23    266.41767   -29.01515    1.40    1.41    8.54    N
