   0     0    266.42179   -29.03626    0.61    0.29    1.26    Y
   1     1    266.42017   -29.03024    0.25    0.25    1.11    Y
   3     7    266.41941   -29.02553    0.79    0.69    3.55    Y
   6    19    266.42434   -29.01055    0.33    0.37    1.49    Y
   9    20    266.41740   -29.00828    0.31    0.12    0.70    Y
  10    21    266.41575   -29.00825    0.28    0.06    0.36    Y
  11    22    266.41696   -29.00760    0.94    0.84    8.70    Y
  12    23    266.42398   -29.00766    0.43    0.15    0.93    Y
  13    24    266.40866   -29.00627    0.32    0.28    2.54    Y
  14    25    266.41584   -29.00612    1.84    1.82   27.66    N
