   1    16    266.42017   -29.03024    0.12    0.58    1.47    Y
   8     4    266.41461   -29.00904    0.84    0.30    1.48    Y
   9     5    266.41740   -29.00828    0.44    0.14    0.83    Y
  10     6    266.41575   -29.00825    0.75    0.20    0.85    Y
  11     7    266.41696   -29.00760    0.61    0.64    3.80    Y
  13     8    266.40866   -29.00627    0.72    0.19    1.07    Y
  14     9    266.41584   -29.00612    1.63    1.21    9.57    N
  19    13    266.42326   -28.99801    0.37    0.55    2.94    Y
  21    14    266.42350   -28.99285    1.03    0.55    1.92    Y
  32    18    266.42404   -28.98196    1.08    0.67    1.84    Y
