   1     0    266.42017   -29.03024    0.10    0.33    1.80    Y
   2    25    266.42275   -29.02713    0.38    0.64    2.33    Y
   4     4    266.41177   -29.01564    0.99    0.73    3.90    Y
   6     9    266.42434   -29.01055    0.70    0.37    1.51    Y
   8    10    266.41461   -29.00904    0.33    0.02    0.11    Y
   9    11    266.41740   -29.00828    0.25    0.18    1.32    Y
  10    12    266.41575   -29.00825    0.29    0.30    2.80    Y
  11    13    266.41696   -29.00760    0.36    0.24    1.49    Y
  13    14    266.40866   -29.00627    0.33    0.03    0.28    Y
  14    15    266.41584   -29.00612    0.28    0.06    0.94    Y
  19    17    266.42326   -28.99801    0.87    0.60    6.09    Y
  21    18    266.42350   -28.99285    0.42    0.58    2.71    Y
  22    20    266.41626   -28.98381    0.22    0.47    2.93    Y
  23    21    266.41741   -28.98361    0.49    0.21    0.94    Y
  31     7    266.41419   -29.01271    1.21    1.10    8.71    N
  32    30    266.42404   -28.98196    1.17    0.86    4.37    Y
