   0     0    266.42179   -29.03626    0.26    0.25    1.26    Y
   1     1    266.42017   -29.03024    0.62    0.55    2.21    Y
   2     3    266.42275   -29.02713    0.54    0.54    2.05    Y
   6     9    266.42434   -29.01055    0.22    0.24    1.03    Y
   7    10    266.42474   -29.00921    0.11    0.11    0.59    Y
   8    30    266.41461   -29.00904    0.48    0.41    2.55    Y
   9    11    266.41740   -29.00828    0.30    0.24    2.48    Y
  10    12    266.41575   -29.00825    0.13    0.07    0.42    Y
  11    13    266.41696   -29.00760    0.60    0.53    5.64    Y
  12    14    266.42398   -29.00766    0.11    0.08    1.31    Y
  13    16    266.40866   -29.00627    0.12    0.05    0.71    Y
  14    17    266.41584   -29.00612    1.08    1.16   15.83    N
  15    19    266.41702   -29.00166    0.08    0.06    0.92    Y
  17    20    266.42615   -28.99993    0.55    0.62    3.89    Y
  18    21    266.42481   -28.99867    0.41    0.35    2.60    Y
  19    22    266.42326   -28.99801    0.48    0.48    2.88    Y
  21    24    266.42350   -28.99285    0.53    0.60    2.78    Y
  22    25    266.41626   -28.98381    0.25    0.28    1.42    Y
  23    26    266.41741   -28.98361    0.50    0.52    2.05    Y
  27    15    266.41191   -29.00751    0.26    0.24    1.04    Y
  31    36    266.41419   -29.01271    1.79    1.73    7.33    N
  32    34    266.42404   -28.98196    0.37    0.41    1.66    Y
