   0     0    266.42179   -29.03626    0.32    0.40    1.70    Y
   1    21    266.42017   -29.03024    0.67    1.00    2.74    Y
   2     2    266.42275   -29.02713    0.48    0.46    1.82    Y
   6     4    266.42434   -29.01055    0.68    0.46    1.48    Y
   9     6    266.41740   -29.00828    0.40    0.23    1.23    Y
  10     7    266.41575   -29.00825    1.22    0.65    3.83    Y
  11     8    266.41696   -29.00760    0.87    0.27    2.03    Y
  12     9    266.42398   -29.00766    0.60    0.03    0.19    Y
  13    10    266.40866   -29.00627    0.61    0.09    0.94    Y
  14    11    266.41584   -29.00612    1.19    0.58    6.20    Y
  15    13    266.41702   -29.00166    0.86    0.26    1.52    Y
  19    14    266.42326   -28.99801    0.89    0.49    1.85    Y
  20    16    266.41420   -28.99406    0.71    0.48    1.91    Y
  21    17    266.42350   -28.99285    0.89    0.28    1.29    Y
  22    20    266.41626   -28.98381    0.27    0.80    2.45    Y
  31    18    266.41419   -29.01271    1.63    1.77   10.26    N
  32    24    266.42404   -28.98196    1.16    0.59    1.32    Y
