   0     0    266.42179   -29.03626    0.18    0.12    0.48    Y
   1     1    266.42017   -29.03024    0.40    0.50    1.61    Y
   6     4    266.42434   -29.01055    1.19    1.14    4.58    N
   9     5    266.41740   -29.00828    0.29    0.18    0.83    Y
  10     6    266.41575   -29.00825    0.26    0.20    1.01    Y
  11     7    266.41696   -29.00760    0.35    0.45    3.12    Y
  12     8    266.42398   -29.00766    0.08    0.08    0.56    Y
  13     9    266.40866   -29.00627    0.35    0.24    1.55    Y
  14    10    266.41584   -29.00612    0.11    0.05    0.43    Y
  19    11    266.42326   -28.99801    0.44    0.36    2.32    Y
  21    12    266.42350   -28.99285    0.30    0.24    0.92    Y
  22    13    266.41626   -28.98381    0.39    0.34    1.28    Y
  32    19    266.42404   -28.98196    1.40    1.50    3.47    N
