   0     0    266.42179   -29.03626    0.46    0.13    0.48    Y
   1     1    266.42017   -29.03024    0.36    0.19    0.66    Y
   2    18    266.42275   -29.02713    0.46    0.16    0.36    Y
   4     6    266.41177   -29.01564    0.72    0.37    1.14    Y
   6     8    266.42434   -29.01055    1.05    0.58    1.96    Y
   9     9    266.41740   -29.00828    0.64    0.14    1.06    Y
  10    10    266.41575   -29.00825    0.83    0.29    2.38    Y
  11    11    266.41696   -29.00760    0.34    0.87    5.79    Y
  12    12    266.42398   -29.00766    1.42    1.37    4.53    N
  13    14    266.40866   -29.00627    0.70    0.16    2.94    Y
  19    16    266.42326   -28.99801    0.51    0.48    2.04    Y
  22    17    266.41626   -28.98381    0.57    0.62    2.59    Y
  31    20    266.41419   -29.01271    1.57    1.49    6.94    N
  32    24    266.42404   -28.98196    1.41    0.90    2.83    Y
