   9     9    266.41740   -29.00828    0.33    0.18    1.15    Y
  10    10    266.41575   -29.00825    0.46    0.06    0.38    Y
  11    11    266.41696   -29.00760    0.13    0.49    2.88    Y
  12    12    266.42398   -29.00766    0.54    0.14    0.54    Y
  13    15    266.40866   -29.00627    0.65    0.26    1.49    Y
  14    14    266.41584   -29.00612    0.21    0.56    3.61    Y
  15    17    266.41702   -29.00166    0.54    0.16    1.38    Y
  19    18    266.42326   -28.99801    0.62    0.24    1.05    Y
  22    19    266.41626   -28.98381    0.73    0.33    1.04    Y
  30     4    266.41767   -29.01515    0.91    1.17    7.39    N
