   4     4    266.41177   -29.01564    0.40    0.19    0.74    Y
   8     7    266.41461   -29.00904    0.40    0.26    1.41    Y
   9     8    266.41740   -29.00828    0.47    0.53    3.31    Y
  10     9    266.41575   -29.00825    0.09    0.22    0.93    Y
  11    10    266.41696   -29.00760    0.85    0.98    5.74    Y
  12    11    266.42398   -29.00766    0.14    0.22    1.18    Y
  13    13    266.40866   -29.00627    0.18    0.11    1.04    Y
  14    14    266.41584   -29.00612    0.73    0.64    3.85    Y
  15    15    266.41702   -29.00166    0.15    0.07    0.62    Y
  19    16    266.42326   -28.99801    0.80    0.58    5.13    Y
  22    19    266.41626   -28.98381    0.52    0.63    1.95    Y
  27    12    266.41191   -29.00751    0.23    0.08    0.36    Y
  31    21    266.41419   -29.01271    0.91    0.70    3.61    Y
  32    23    266.42404   -28.98196    0.38    0.20    0.60    Y
