   1     0    266.42017   -29.03024    0.41    0.48    1.69    Y
   2     2    266.42275   -29.02713    0.29    0.43    1.49    Y
   6     7    266.42434   -29.01055    0.40    0.15    0.61    Y
   9     8    266.41740   -29.00828    0.36    0.19    0.87    Y
  10     9    266.41575   -29.00825    0.39    0.32    1.65    Y
  11    10    266.41696   -29.00760    0.57    0.83    5.76    Y
  12    11    266.42398   -29.00766    0.52    0.33    1.76    Y
  13    12    266.40866   -29.00627    0.42    0.14    0.95    Y
  14    13    266.41584   -29.00612    1.13    0.86    7.61    Y
  15    14    266.41702   -29.00166    0.40    0.22    1.41    Y
  19    15    266.42326   -28.99801    0.59    0.55    2.40    Y
  22    16    266.41626   -28.98381    0.62    0.35    1.33    Y
  29    17    266.40800   -28.98590    1.53    1.38    5.11    N
  30     4    266.41767   -29.01515    1.00    1.26    5.88    N
  31    18    266.41419   -29.01271    0.55    0.60    3.36    Y
