   6     6    266.42434   -29.01055    0.14    0.27    0.96    Y
   9     7    266.41740   -29.00828    0.18    0.27    1.52    Y
  10     8    266.41575   -29.00825    0.17    0.32    1.76    Y
  11     9    266.41696   -29.00760    1.15    1.30    5.69    N
  13    11    266.40866   -29.00627    0.05    0.15    0.85    Y
  14    10    266.41584   -29.00612    0.34    0.27    1.62    Y
  15    12    266.41702   -29.00166    0.12    0.19    1.45    Y
  19    13    266.42326   -28.99801    0.53    0.42    1.65    Y
  21    14    266.42350   -28.99285    0.51    0.42    1.61    Y
  22    15    266.41626   -28.98381    0.29    0.14    0.54    Y
  32    22    266.42404   -28.98196    0.56    0.41    1.14    Y
