   0     1    266.42179   -29.03626    0.35    0.14    0.57    Y
   1     2    266.42017   -29.03024    0.34    0.07    0.27    Y
   2     4    266.42275   -29.02713    0.37    0.27    0.86    Y
   6     8    266.42434   -29.01055    0.23    0.36    1.11    Y
   8    21    266.41461   -29.00904    0.45    0.28    1.30    Y
   9     9    266.41740   -29.00828    0.32    0.06    0.44    Y
  10    10    266.41575   -29.00825    0.41    0.15    1.15    Y
  11    11    266.41696   -29.00760    0.54    0.69    4.31    Y
  13    13    266.40866   -29.00627    0.52    0.30    2.02    Y
  14    14    266.41584   -29.00612    1.58    1.48   17.26    N
  15    15    266.41702   -29.00166    0.12    0.18    1.33    Y
  19    16    266.42326   -28.99801    0.07    0.26    1.01    Y
  21    17    266.42350   -28.99285    0.93    0.78    2.34    Y
  22    20    266.41626   -28.98381    0.65    0.36    1.34    Y
  29    24    266.40800   -28.98590    0.66    0.55    3.09    Y
  31    26    266.41419   -29.01271    1.52    1.29    5.94    N
