   0     0    266.42179   -29.03626    0.41    0.11    0.50    Y
   1     1    266.42017   -29.03024    0.30    0.35    1.18    Y
   6     5    266.42434   -29.01055    0.67    0.31    1.11    Y
   8     7    266.41461   -29.00904    1.11    0.68    2.72    Y
  10     8    266.41575   -29.00825    0.24    0.22    1.17    Y
  11     9    266.41696   -29.00760    0.44    0.77    5.16    Y
  13    10    266.40866   -29.00627    0.75    0.30    2.05    Y
  14    11    266.41584   -29.00612    1.81    1.52    9.20    N
  15    12    266.41702   -29.00166    0.67    0.22    1.58    Y
  19    14    266.42326   -28.99801    0.38    0.74    2.83    Y
  20    15    266.41420   -28.99406    0.88    0.44    1.54    Y
  22    16    266.41626   -28.98381    0.70    0.35    1.20    Y
  29    17    266.40800   -28.98590    1.63    1.25    4.32    N
  31    18    266.41419   -29.01271    1.47    1.57    7.79    N
