   0     0    266.42179   -29.03626    0.36    0.23    0.82    Y
   1     1    266.42017   -29.03024    0.33    0.59    1.91    Y
   6     3    266.42434   -29.01055    0.65    0.57    1.99    Y
  29    17    266.40800   -28.98590    1.51    1.15    4.98    N
  10     4    266.41575   -29.00825    0.71    0.37    1.90    Y
  13     7    266.40866   -29.00627    0.66    0.31    1.41    Y
  15     9    266.41702   -29.00166    0.38    0.25    1.90    Y
  19    10    266.42326   -28.99801    0.32    0.07    0.21    Y
  21    16    266.42350   -28.99285    0.18    0.35    0.96    Y
  22    11    266.41626   -28.98381    0.81    0.51    2.40    Y
