   0     0    266.42179   -29.03626    0.55    0.22    0.84    Y
   1     1    266.42017   -29.03024    0.40    0.24    0.94    Y
   2     3    266.42275   -29.02713    1.21    0.68    1.74    Y
   6     7    266.42434   -29.01055    1.10    0.63    2.06    Y
  10     8    266.41575   -29.00825    0.48    0.23    1.26    Y
  11     9    266.41696   -29.00760    0.71    0.97    6.66    Y
  13    11    266.40866   -29.00627    0.48    0.21    1.74    Y
  15    13    266.41702   -29.00166    0.65    0.41    2.13    Y
  19    16    266.42326   -28.99801    0.42    0.83    3.98    Y
  22    17    266.41626   -28.98381    0.96    0.36    1.74    Y
  29    21    266.40800   -28.98590    1.47    0.91    2.84    Y
