 
--------------------------------------------------------------------------------
Data for Table Block SRCLIST
--------------------------------------------------------------------------------
 
ROW    RA                   DEC                  RA_ERR               DEC_ERR              POS(X,Y)                                 X_ERR                Y_ERR                NPIXSOU    NET_COUNTS           NET_COUNTS_ERR       BKG_COUNTS           BKG_COUNTS_ERR       NET_RATE             NET_RATE_ERR         BKG_RATE             BKG_RATE_ERR         EXPTIME              EXPTIME_ERR          SRC_SIGNIFICANCE     PSF_SIZE             MULTI_CORREL_MAX SHAPE        R[2]                                     ROTANG               PSFRATIO             COMPONENT
 
     1         266.43022450       -29.0294146499      5.672461771E-05      4.290037962E-05 (     4003.3396226415,     3879.4150943396)     0.36287624804709     0.31394997511370        115        36.8262901306         7.2806448936        16.1737098694     0.08827184140682        36.8262901306         7.2806448936        16.1737098694     0.08827184140682                  1.0                    0         7.2012939453         2.6113984585          0 ellipse      [        8.1983566284         6.5278797150]        25.0255546570     0.93380260467529          1
     2       266.4067996341       -29.0289100220      2.435267015E-05      3.617170483E-05 (     4153.2083333333,     3883.1111111111)     0.15582503939095     0.26465936903605         63        44.7618713379         8.4860630035        27.2381305695     0.11519818753004        44.7618713379         8.4860630035        27.2381305695     0.11519818753004                  1.0                    0         7.1159234047         2.5562138557          0 ellipse      [        6.8221173286         3.8186359406]       100.9463653564     0.66557234525681          2
     3       266.4225945408       -29.0270855770      5.057425608E-05      4.102538738E-05 (     4052.1538461538,     3896.4615384615)     0.32355557667415     0.30020475488664         34         8.7185955048         3.6058130264         4.2814040184     0.04345603659749         8.7185955048         3.6058130264         4.2814040184     0.04345603659749                  1.0                    0         2.6883697510         2.4976058006          0 ellipse      [        3.5000262260         3.2469549179]         1.7881672382     0.44991308450699          3
     4       266.4081210908       -29.0261863765      2.726280906E-05      2.585443541E-05 (     4144.7551020408,     3903.0408163265)     0.17444052829887     0.18916767577275         82        44.3418807983         8.9452199936        35.6581192017     0.13022194802761        44.3418807983         8.9452199936        35.6581192017     0.13022194802761                  1.0                    0         6.3040122986         2.4695386887          0 ellipse      [        4.9126996994         2.2507138252]       131.4430847168     0.44883134961128          4
     5       266.4124070682       -29.0258595706      4.189469098E-05      3.626468113E-05 (     4117.3333333333,     3905.4333333333)     0.26805195737415     0.26534394171995         45        13.5873517990          5.477932930        16.4126472473     0.08803241699934        13.5873517990          5.477932930        16.4126472473     0.08803241699934                  1.0                    0         2.6420233250         2.4491577148          0 ellipse      [        4.4970917702         4.2645239830]       140.5171051025     0.59602320194244          5
     6       266.3983556045       -29.0259378210      3.443287699E-05      2.353361332E-05 (     4207.2352941176,     3904.8529411765)     0.22032856688747     0.17216488908343         46        22.3345012665         5.8314352036        11.6654996872     0.07509332150221        22.3345012665         5.8314352036        11.6654996872     0.07509332150221                  1.0                    0         4.9373688698         2.5550317764          0 ellipse      [        3.9814245701         2.8413023949]       159.0213165283     0.43879371881485          6
     7       266.4125133291       -29.0239336248      4.790784192E-05      3.303476331E-05 (     4116.6538461538,     3919.5256410256)     0.30652927796564     0.24170958537070         95        39.6371192932         8.8327894211        38.3628807068     0.13477663695812        39.6371192932         8.8327894211        38.3628807068     0.13477663695812                  1.0                    0         5.4641523361         2.4015820026          0 ellipse      [        8.2604131699         6.2240619659]        16.1220932007     0.99522012472153          7
     8       266.4035358389       -29.0234625589      4.277513489E-05       4.29185432E-05      (     4174.093750,     3922.968750)     0.27371637564647     0.31401002360099         40        17.4919490814         5.6574587822        14.5080509186     0.08271868526936        17.4919490814         5.6574587822        14.5080509186     0.08271868526936                  1.0                    0         3.5653069019         2.4321365356          0 ellipse      [        6.3485717773         3.1097023487]        51.4320068359     0.60895919799805          8
     9       266.3980887183       -29.0232112852      1.883209285E-05      1.106724827E-05 (     4208.9458128079,     3924.8029556650)     0.12050392272158     0.08096194015934         88       177.0161590576        14.2482433319        25.9838447571     0.11154752969742       177.0161590576        14.2482433319        25.9838447571     0.11154752969742                  1.0                    0        28.6875915527         2.4889445305          0 ellipse      [        5.1837434769         3.4109692574]         8.6034736633     0.56315010786057          9
    10       266.3956870550       -29.0217792160      1.547446607E-05      1.093191612E-05 (     4224.3139534884,     3935.2790697674)     0.09902393839366     0.07997289087507         58        80.5737686157         9.7983303070        15.4262313843     0.08531346172094        80.5737686157         9.7983303070        15.4262313843     0.08531346172094                  1.0                    0        16.0442600250         2.4899072647          0 ellipse      [        2.7566976547         2.2227244377]       176.5301818848     0.33138507604599         10
    11       266.4021618787       -29.0205088033      3.026798021E-05      2.745491792E-05 (     4182.8870967742,     3944.5806451613)     0.19368924808350     0.20086750865630         53        41.9847564697         7.8745956421        20.0152454376     0.09622845798731        41.9847564697         7.8745956421        20.0152454376     0.09622845798731                  1.0                    0         7.5554413795         2.3834950924          0 ellipse      [        5.4017076492         3.7774682045]        48.0424156189     0.63172841072083         11
    12       266.4447501474       -29.0194050530      5.604020924E-05      4.495530982E-05 (     3910.3888888889,     3952.6388888889)     0.35849001264114     0.32902957243050         70        24.2229003906         6.0004787445        11.7770986557     0.07580441236496        24.2229003906         6.0004787445        11.7770986557     0.07580441236496                  1.0                    0         5.3361878395         2.6267533302          0 ellipse      [        7.3131222725         4.8201160431]        38.7348823547     0.75342428684235         12
    13       266.3866445563       -29.0193591325      5.059930209E-05      3.468204525E-05          (     4282.1750,     3952.9750)     0.32381997313314     0.25369149571861        129        49.3573036194         8.4859247208        22.6426963806     0.10448556393385        49.3573036194         8.4859247208        22.6426963806     0.10448556393385                  1.0                    0         8.4565172195         2.6182398796          0 ellipse      [        6.2217588425         4.7125859261]        13.9638652802     0.68937504291534         13
    14       266.3987364745       -29.0191755503      2.867421432E-05      2.684746137E-05 (     4204.8055555556,     3954.3333333333)     0.18349927020881     0.19641855032933         78        36.1998329163         7.8747816086        25.8001670837     0.11038147658110        36.1998329163         7.8747816086        25.8001670837     0.11038147658110                  1.0                    0         5.8835825920         2.3862397671          0 ellipse      [        3.9003629684         2.8630211353]       128.4495544434     0.46679851412773         14
    15       266.4005680393       -29.0185201636      3.832880458E-05      3.595660229E-05 (     4193.0869565217,     3959.1304347826)     0.24528093131630     0.26306573981356         28        12.6399946213         4.7963480949        10.3600053787     0.07038956880569        12.6399946213         4.7963480949        10.3600053787     0.07038956880569                  1.0                    0         2.9170334339         2.3676745892          0 ellipse      [        4.2966680527         2.8840029240]        50.3157310486     0.49558764696121         15
    16       266.4421104939       -29.0158215474      4.804040913E-05      3.721034293E-05 (     3927.2727272727,     3978.8636363636)     0.30733427668520     0.27233960050171        126         53.884891510         9.3816871643         34.115108490     0.12671810388565         53.884891510         9.3816871643         34.115108490     0.12671810388565                  1.0                    0         7.8041243553         2.5197472572          0 ellipse      [        8.7131786346         7.5914487839]       165.7273101807         1.0759012699         16
    17        266.382617780       -29.0158374229      5.132261168E-05      3.192558719E-05 (     4307.9473684211,     3978.7368421053)     0.32846224615605     0.23350995474448         41        13.9383392334         4.3591938019         5.0616607666     0.05068303272128        13.9383392334         4.3591938019         5.0616607666     0.05068303272128                  1.0                    0         4.0866041183         2.6518073082          0 ellipse      [        4.3336009979         2.9987921715]        10.6025819778     0.45314213633537         17
    18       266.4118401481       -29.0155371745      2.587284649E-05      2.318625683E-05 (     4120.9629629630,     3980.9629629630)     0.16555796452667     0.16965017456641         33        26.1986236572         7.3493595123        27.8013763428     0.11439738422632        26.1986236572         7.3493595123        27.8013763428     0.11439738422632                  1.0                    0         4.1300935745         2.2821166515          0 ellipse      [        4.0029444695         3.3593268394]       130.9560546875      0.5356200337410         18
    19       266.4172837148       -29.0153268479      1.538300006E-05      1.298990452E-05 (     4086.1312217195,     3982.5022624434)     0.09843002662046     0.09504943263028        106       181.0141296387        17.4945793152       124.9858779907     0.24554254114628       181.0141296387        17.4945793152       124.9858779907     0.24554254114628                  1.0                    0        14.8211860657         2.2904427052          0 ellipse      [        4.443130970         4.1831045151]        27.2749347687     0.62741261720657         19
    20       266.3830396078       -29.0149602065      5.015155926E-05      3.577237632E-05         (     4305.250,     3985.156250)     0.32097872787745     0.26166044126603        103        47.4238128662         8.0005025864        16.5761871338     0.08965805917978        47.4238128662         8.0005025864        16.5761871338     0.08965805917978                  1.0                    0         9.1862573624         2.6288664341          0 ellipse      [        8.0961017609         5.7648425102]        25.9852828979     0.86624735593796         20
    21       266.3888340696       -29.0142876185      2.477752997E-05      2.509273178E-05 (     4268.1739130435,     3990.0869565217)     0.15858750231564     0.18356935177781         29        15.3720970154         4.7962069511         7.6279029846     0.06002452969551        15.3720970154         4.7962069511         7.6279029846     0.06002452969551                  1.0                    0         3.9471695423         2.4696836472          0 ellipse      [        2.8486382961         2.0166146755]        57.9594421387     0.32349497079849         21
    22       266.4097343484       -29.0134586083      2.983465788E-05      2.410403333E-05 (     4134.4380952381,     3996.1714285714)     0.19091559295248     0.17636138061562         59        58.3895988464        10.2480115891        46.6104011536     0.14748191833496        58.3895988464        10.2480115891        46.6104011536     0.14748191833496                  1.0                    0         7.4080715179         2.2696514130          0 ellipse      [        5.9456415176         5.3372354507]        21.3096351624     0.82732683420181         22
    23       266.4090352348       -29.0130559260      1.640181927E-05      1.865170355E-05 (     4138.9117647059,     3999.1176470588)     0.10496042308023     0.13646999164666         79        58.2474861145        10.6782751083        55.7525138855     0.15986302495003        58.2474861145        10.6782751083        55.7525138855     0.15986302495003                  1.0                    0         6.8391156197         2.2678203583          0 ellipse      [        2.4037344456         1.8144228458]       100.2675247192     0.30696055293083         23
    24       266.3930882291       -29.0128342201      3.091768781E-05      4.043821978E-05 (     4240.9545454545,     4000.7272727273)     0.19789462851986     0.29585160858960         33        12.1227598190         4.6909079552         9.8772401810     0.06794817000628        12.1227598190         4.6909079552         9.8772401810     0.06794817000628                  1.0                    0         2.8457551003         2.3658630848          0 ellipse      [        4.2078928947         2.7163112164]        79.0035171509     0.47633361816406         24
    25       266.4015810799       -29.0120821115      2.453746907E-05      2.054697004E-05 (     4186.6106194690,     4006.2389380531)     0.15703096756351     0.15032495997411         87        95.7031555176        12.0009479523        48.2968482971     0.15081465244293        95.7031555176        12.0009479523        48.2968482971     0.15081465244293                  1.0                    0        11.9578933716         2.2835927010          0 ellipse      [        5.6098327637         4.0730147362]       139.0489349365     0.69773912429810         25
    26       266.4119501112       -29.0114864083      2.384312768E-05      1.867332718E-05 (     4120.2602739726,     4010.6027397260)     0.15257518904855     0.13662929647990         64        62.1928443909        11.9598102570        80.8071594238     0.19253990054131        62.1928443909        11.9598102570        80.8071594238     0.19253990054131                  1.0                    0         6.2001261711         2.2542185783          0 ellipse      [        4.2087922096         3.1376879215]       146.3231811523     0.53736120462418         26
    27       266.4037261419       -29.0108202911      1.495940586E-05      1.289120402E-05 (     4172.8854961832,     4015.4732824427)     0.09573457797251     0.09431620951727        108       142.5997314453        14.7998704910        76.4002685547     0.19020718336105       142.5997314453        14.7998704910        76.4002685547     0.19020718336105                  1.0                    0        14.5755004883         2.2664825916          0 ellipse      [        3.5838758945         2.9067761898]       137.0735015869     0.47468841075897         27
    28       266.3828255139       -29.0107096999      3.033072443E-05      2.725290711E-05 (     4306.6285714286,     4016.2571428571)     0.19414160321594     0.19935756878840         97        46.6725082397         8.3672761917        23.3274898529     0.10631646960974        46.6725082397         8.3672761917        23.3274898529     0.10631646960974                  1.0                    0         7.9013786316         2.5866949558          0 ellipse      [        3.5680222511         3.4148285389]       116.4076461792     0.44981274008751         28
    29       266.3913966104       -29.0104198427      3.458096614E-05      2.754433609E-05 (     4251.7826086957,     4018.3913043478)     0.22132546016292     0.20149845496371         33        12.6456146240         4.7963433266        10.3543853760     0.07006878405809        12.6456146240         4.7963433266        10.3543853760     0.07006878405809                  1.0                    0         2.9188983440         2.3755807877          0 ellipse      [        3.3805420399         2.6676504612]       146.8664703369     0.42137286067009         29
    30       266.4242205350       -29.0104135090      1.881980603E-05      1.506398933E-05 (     4041.7419354839,     4018.4516129032)     0.12042019680712     0.11023302984449         51        41.1930007935         8.7758970261        35.8069992065     0.12792706489563        41.1930007935         8.7758970261        35.8069992065     0.12792706489563                  1.0                    0         5.8460979462         2.2899236679          0 ellipse      [        2.0160644054         1.8361612558]       170.5376739502     0.28006920218468         30
    31       266.4009970077       -29.0099280377       2.28438351E-05      2.557047282E-05              (     4190.350,     4022.0)     0.14620191517133     0.18708286933861         43        20.2608947754         7.0009832382        28.7391052246     0.11733100563288        20.2608947754         7.0009832382        28.7391052246     0.11733100563288                  1.0                    0         3.1508047581         2.2713456154          0 ellipse      [        2.6263158321         1.8027660847]       113.8750457764     0.31932923197746         31
    32       266.3985489875       -29.0094372330      2.670079311E-05      2.720468386E-05 (     4206.0155038760,     4025.5891472868)     0.17088918142417     0.19903390337822         89        80.4692611694        11.3588361740        48.5307388306     0.15219795703888        80.4692611694        11.3588361740        48.5307388306     0.15219795703888                  1.0                    0        10.0335435867         2.2879922390          0 ellipse      [        7.1918091774         5.3080248833]        60.4432868958     0.90013933181763         32
    33       266.4146202364       -29.0089244788      1.633749821E-05      1.433050315E-05 (     4103.1744548287,     4029.3489096573)     0.10454628754269     0.10485641263222        123       268.2475585938        24.2724857330       320.7524414062     0.39186346530914       268.2475585938        24.2724857330       320.7524414062     0.39186346530914                  1.0                    0        14.1701345444         2.2365038395          0 ellipse      [        5.9697294235         5.2633695602]        45.6774444580     0.83544594049454         33
    34       266.4156331415       -29.0081361130       1.09850771E-05      8.520377822E-06 (     4096.6927710843,     4035.1174698795)     0.07029520696142     0.06234420811734         57       303.5683288574        22.1605834961       187.4316558838     0.30244672298431       303.5683288574        22.1605834961       187.4316558838     0.30244672298431                  1.0                    0        20.6257476807         2.2341973782          0 ellipse      [        3.8427884579         3.4075925350]         1.4684821367     0.53988873958588         34
    35       266.4168190653       -29.0077205488      6.703646591E-06      5.921423174E-06 (     4089.1038338658,     4038.1581469649)     0.04289740913873     0.04332790586841        295      1659.8833007812        51.5313987732       995.1166992188     0.69645488262177      1659.8833007812        51.5313987732       995.1166992188     0.69645488262177                  1.0                    0        50.9833564758         2.2372558117          0 ellipse      [        4.8743033409         4.2579221725]        47.1306838989     0.67876315116882         35
    36       266.4372530334       -29.0074469342      1.896450397E-05      1.228342694E-05 (     3958.3428571429,     4040.1476190476)     0.12134117169444     0.08990090406405         62       148.6837463379        14.4923849106        61.3162612915     0.17090542614460       148.6837463379        14.4923849106        61.3162612915     0.17090542614460                  1.0                    0        16.7470321655         2.3779177666          0 ellipse      [        5.4231591225         3.7003252506]        18.5021247864     0.62795430421829         36
    37       266.4226544714       -29.0074328593      2.391508048E-05      1.753989382E-05 (     4051.7619047619,     4040.2619047619)     0.15302972717018     0.12834972907376         79        81.2693786621        14.3547458649       124.7306213379     0.24231353402138        81.2693786621        14.3547458649       124.7306213379     0.24231353402138                  1.0                    0         6.6604342461         2.2676405907          0 ellipse      [        4.2095971107         3.5266776085]       176.7840728760     0.56637966632843         37
    38       266.3929000397       -29.0072125643      2.845904288E-05      2.527386281E-05 (     4242.1666666667,     4041.8611111111)     0.18215107011929     0.18489560692296         93        34.5138282776         8.3076019287        34.4861717224     0.12747102975845        34.5138282776         8.3076019287        34.4861717224     0.12747102975845                  1.0                    0         4.9760370255         2.3458969593          0 ellipse      [        3.5537734032         3.0326695442]        47.7284088135     0.46647375822067         38
    39        266.408557820       -29.0061134155       2.15182223E-06      1.905358221E-06 (     4141.9697233507,     4049.9163281099)     0.01377094722102     0.01394081751187        398     10195.1025390625       104.0062484741       621.8971557617     0.54692715406418     10195.1025390625       104.0062484741       621.8971557617     0.54692715406418                  1.0                    0       392.8309631348         2.2290885448          0 ellipse      [        4.2879586220         4.1641540527]        57.3718833923     0.63188803195953         39
    40       266.4157415919       -29.0059436473       8.61525092E-06      9.549610059E-06 (     4095.9987699877,     4051.1599015990)     0.05513143412145     0.06987523083080        171      1169.9373779297        41.3190231323       537.0625610352     0.51167917251587      1169.9373779297        41.3190231323       537.0625610352     0.51167917251587                  1.0                    0        48.3629341125         2.2308633327          0 ellipse      [        6.0413823128         4.6332645416]       103.1046295166     0.79052841663361         40
    41       266.4188287548       -29.0052629713      1.924736364E-05      1.727312995E-05 (     4076.2429906542,     4056.1401869159)     0.12316687762586     0.12639204662764         68        66.7026977539        15.7507972717       181.2973022461     0.29598835110664        66.7026977539        15.7507972717       181.2973022461     0.29598835110664                  1.0                    0         4.6025695801         2.2431223392          0 ellipse      [        4.0757532120         3.6579909325]       128.0596466064     0.57378745079041         41
    42       266.3954387804       -29.0053384740      4.570476909E-05      3.655540342E-05 (     4225.9230769231,     4055.5769230769)     0.29252561169960     0.26742845596982         33        13.2797594070         5.0995917320        12.7202405930     0.07639720290899        13.2797594070         5.0995917320        12.7202405930     0.07639720290899                  1.0                    0         2.8435204029         2.3096253872          0 ellipse      [        4.8421611786         3.6486093998]       144.4674072266     0.60662525892258         42
    43       266.4208329230       -29.0046995764      2.525342751E-05      1.931488205E-05 (     4063.4174757282,     4060.2621359223)     0.16159975987375     0.14133545960021         34        33.3218383789        10.1505327225        69.6781616211     0.18249900639057        33.3218383789        10.1505327225        69.6781616211     0.18249900639057                  1.0                    0         3.5478396416         2.2522318363          0 ellipse      [        4.9205822945         4.3027296066]         1.5189460516     0.68099814653397         43
    44       266.3841573892       -29.0046916311      2.560637728E-05      2.482282541E-05 (     4298.1176470588,     4060.2941176471)     0.16391306965124     0.18158673720973         24        10.6165161133         4.1234622002         6.3834838867     0.05422350391746        10.6165161133         4.1234622002         6.3834838867     0.05422350391746                  1.0                    0         2.8921072483         2.5135619640          0 ellipse      [        2.5384068489         1.6468756199]        52.2500839233     0.27114412188530         44
    45       266.4206402822       -29.0038744089      1.615543096E-05      1.617002383E-05             (     4064.650,     4066.30)     0.10338036564053     0.11832159566166         30        25.3320159912         9.0568847656        56.6679840088     0.16480700671673        25.3320159912         9.0568847656        56.6679840088     0.16480700671673                  1.0                    0         2.9533219337         2.2514081001          0 ellipse      [        2.2509059906         1.9547179937]        98.3991851807     0.31055980920792         45
    46       266.3793684631       -29.0033912924      4.459787755E-05      5.008166172E-05      (     4328.7666666667,     4069.80)     0.28551448040071     0.36636351104062         55        17.8805961609         5.4779000282        12.1194038391     0.08594941347837        17.8805961609         5.4779000282        12.1194038391     0.08594941347837                  1.0                    0         3.8977668285         2.6493284702          0 ellipse      [        6.0760436058         4.6186246872]        77.9590377808     0.66651469469070         46
    47       266.4165565017       -29.0033540562       2.08063633E-05      1.793143161E-05 (     4090.7837837838,     4070.1081081081)     0.13314828662442     0.13120659237029         30        36.0115394592         9.9009943008        61.9884605408     0.17231190204620        36.0115394592         9.9009943008        61.9884605408     0.17231190204620                  1.0                    0         4.0368237495         2.2338237762          0 ellipse      [        2.6004028320         2.2077445984]        42.4027862549     0.35753995180130         47
    48       266.3870041126       -29.0031100955       3.92660703E-05      3.457690957E-05 (     4279.9032258065,     4071.8709677419)     0.25134327451360     0.25294081140964         38        20.0952301025         5.5682229996        10.9047698975     0.07145204395056        20.0952301025         5.5682229996        10.9047698975     0.07145204395056                  1.0                    0         4.5527067184         2.4267978668          0 ellipse      [        4.3350529671         4.0844659805]        48.0577507019     0.57797622680664         48
    49       266.3952672057       -29.0022022112      5.910672797E-05      3.417132948E-05          (     4227.0250,     4078.5250)     0.37829799761585     0.24996874804674         55        21.6350574493         6.3252372742        18.3649425507     0.09287550300360        21.6350574493         6.3252372742        18.3649425507     0.09287550300360                  1.0                    0         4.0273270607         2.3068211079          0 ellipse      [        7.8866925240         3.4371254444]       152.5866699219     0.75233274698257         49
    50       266.4178818661       -29.0012044970      2.485352968E-05      3.591297637E-05 (     4082.3018867925,     4085.8364779874)     0.15904731924547     0.26278084538581         81        62.0303764343        12.6113224030        96.9696273804     0.21317741274834        62.0303764343        12.6113224030        96.9696273804     0.21317741274834                  1.0                    0         5.6985330582         2.2422473431          0 ellipse      [       10.7736034393         4.3524770737]        65.0715408325         1.0179910660         50
    51       266.4199066039       -29.0006354339      3.092919133E-05      3.071835882E-05       (     4069.3442622951,     4090.0)     0.19792696920649     0.22477556066906         35        28.5217857361         7.8112154007        32.4782142639     0.12283829599619        28.5217857361         7.8112154007        32.4782142639     0.12283829599619                  1.0                    0         4.2164597511         2.2498514652          0 ellipse      [        5.3771162033         4.5090408325]       111.7234497070     0.72952753305435         51
    52       266.4191612335       -29.0003504077       2.50751084E-05      2.669572147E-05 (     4074.1142857143,     4092.0857142857)     0.16046579428939     0.19533928023384         22        15.5440053940         5.9168462753        19.4559955597     0.09522236138582        15.5440053940         5.9168462753        19.4559955597     0.09522236138582                  1.0                    0         2.8286988735         2.2477755547          0 ellipse      [        3.5585544109         2.7326366901]        69.3917922974     0.46243804693222         52
    53       266.4070564136       -29.0004743125      3.814397843E-05      3.900351607E-05 (     4151.5806451613,     4091.1774193548)     0.24412811487127     0.28537376548911         56        25.1133403778         7.8751249313        36.8866577148     0.13263811171055        25.1133403778         7.8751249313        36.8866577148     0.13263811171055                  1.0                    0         3.5198023319         2.2364213467          0 ellipse      [        7.1153650284         5.2981195450]       118.6506118774     0.91513377428055         53
    54       266.4469617922       -28.9999102758      3.953882089E-05       2.73460366E-05             (     3896.20,     4095.280)     0.25298221281355     0.20015993605102         56        24.0954036713         6.5581107140        18.9045963287     0.09390344470739        24.0954036713         6.5581107140        18.9045963287     0.09390344470739                  1.0                    0         4.4347229004         2.5265178680          0 ellipse      [        3.8334896564         2.9527542591]        12.8503704071     0.44388163089752         54
    55       266.3827411138       -29.0000002201      4.777495212E-05       2.51767361E-05 (     4307.1904761905,     4094.6190476190)     0.30579473514263     0.18413480318031         33        12.5062189102         4.5830135345         8.4937810898      0.0633315667510        12.5062189102         4.5830135345         8.4937810898      0.0633315667510                  1.0                    0         3.0953238010         2.5591273308          0 ellipse      [        4.2084679604         2.5239713192]         3.3067302704     0.42451307177544         55
    56       266.3813303397       -28.9984596575      3.837476811E-05      4.081871062E-05 (     4316.2222222222,     4105.8888888889)     0.24567591039613     0.29860213882603         57        20.4160728455         6.0006461143        15.5839262009     0.08805754035711        20.4160728455         6.0006461143        15.5839262009     0.08805754035711                  1.0                    0         4.0495829582         2.6018602848          0 ellipse      [        5.4548163414         4.3231263161]        73.7533721924     0.62213379144669         56
    57       266.3982916632       -28.9980218258      4.069360244E-05      3.429822571E-05 (     4207.6744186047,     4109.1162790698)     0.26046704781857     0.25092431039320         62        25.2079238892         6.5580697060        17.7920761108     0.09097086638212        25.2079238892         6.5580697060        17.7920761108     0.09097086638212                  1.0                    0         4.7507882118         2.2890949249          0 ellipse      [        5.4290065765         4.5986785889]       141.5550537109     0.72759824991226         57
    58       266.4232771506       -28.9978211952      1.720006964E-05      1.896196489E-05 (     4047.7727272727,     4110.5909090909)     0.11006793885826     0.13875316851590         69        32.9867515564         7.7467837334        27.0132484436     0.11251017451286        32.9867515564         7.7467837334        27.0132484436     0.11251017451286                  1.0                    0         5.2618136406         2.2738261223          0 ellipse      [        2.1226031780         1.3058713675]        60.1556053162     0.24406532943249         58
    59       266.3933383877       -28.9975074064      5.374495521E-05      5.514069768E-05          (     4239.3750,     4112.8750)     0.34403397361348     0.40340348907739         69        22.8930454254         6.3251886368        17.1069545746     0.08949558436871        22.8930454254         6.3251886368        17.1069545746     0.08949558436871                  1.0                    0         4.3808164597         2.3461654186          0 ellipse      [        7.6872272491         6.4884734154]        80.0327529907         1.0034049749         59
    60       266.4323682633       -28.9963691014      1.965573591E-05      2.011080031E-05            (     3989.590,     4121.210)     0.12577360613386     0.14716996976313         80        79.0629119873        11.2259731293        46.9370880127     0.14987440407276        79.0629119873        11.2259731293        46.9370880127     0.14987440407276                  1.0                    0        10.0008945465         2.3332927227          0 ellipse      [        4.4547786713         3.7262778282]        75.9357604980     0.58204990625381         60
    61       266.3828566724       -28.9963606850       5.28642027E-05      3.441595806E-05     (     4306.4583333333,     4121.250)     0.33839473307125     0.25173012444975         37        13.4762535095         4.8994979858        10.5237464905     0.07128371298313        13.4762535095         4.8994979858        10.5237464905     0.07128371298313                  1.0                    0         3.0925576687         2.5679056644          0 ellipse      [        5.0538883209         3.5888841152]        14.6268806458     0.55283075571060         61
    62       266.4440006133       -28.9955270533      4.728206648E-05      2.156115644E-05 (     3915.1428571429,     4127.3571428571)     0.30256435597130     0.15783705662216         53        40.7217597961         8.3674287796        29.2782402039     0.11777421087027        40.7217597961         8.3674287796        29.2782402039     0.11777421087027                  1.0                    0         6.2844133377         2.4684531689          0 ellipse      [        7.7197580338         3.7112944126]        11.8156747818     0.72280043363571         62
    63       266.4006085080       -28.9949356620      5.095438075E-05      4.842118966E-05             (     4192.850,     4131.70)     0.32615180514586     0.35425979167849         45        11.5975160599         4.4725661278         8.4024839401     0.06201336160302        11.5975160599         4.4725661278         8.4024839401     0.06201336160302                  1.0                    0         2.8811507225         2.2897608280          0 ellipse      [        4.7602272034         4.3678069115]        81.9778671265     0.66379529237747         63
    64       266.4473039927       -28.9947892965      2.924007958E-05      2.711210561E-05              (     3894.0,     4132.750)     0.18708286933861     0.19843134832990         66        30.2536449432         7.8111939430        30.7463550568     0.12144399434328        30.2536449432         7.8111939430        30.7463550568     0.12144399434328                  1.0                    0         4.5754547119         2.5647206306          0 ellipse      [        3.1413793564         1.8759627342]        48.5625076294     0.31550842523575         64
    65       266.4350966063       -28.9949934972      2.697209692E-05      2.342616138E-05 (     3972.1272727273,     4131.2727272727)     0.17259237881854     0.17143930416114         53        47.1487007141         9.4879245758        42.8512992859     0.14392292499542        47.1487007141         9.4879245758        42.8512992859     0.14392292499542                  1.0                    0         6.2012238503         2.3632240295          0 ellipse      [        4.0740857124         3.5631039143]       136.4421081543     0.53740680217743         65
    66       266.4131398264       -28.9945333104      3.870821655E-05       4.66228942E-05            (     4112.650,     4134.650)     0.24773978283702     0.34113780206826         31        11.8189487457         4.4725637436         8.1810512543     0.06184502318501        11.8189487457         4.4725637436         8.1810512543     0.06184502318501                  1.0                    0         2.9632668495         2.2563838959          0 ellipse      [        4.9162697792         2.7973721027]       116.3599777222     0.54784631729126         66
    67       266.3938201170       -28.9939199853      4.265496688E-05      3.424023283E-05       (     4236.2968750,     4139.1250)     0.27303961006055     0.25048780534235         89        47.3431396484         8.0004835129        16.6568584442     0.08798545598984        47.3431396484         8.0004835129        16.6568584442     0.08798545598984                  1.0                    0         9.1534690857         2.3626434803          0 ellipse      [        7.1020045280         5.3519454002]        35.9094734192     0.86981493234634         67
    68       266.3785766415       -28.9932634277      4.737399615E-05      5.034318213E-05 (     4333.8571428571,     4143.9047619048)     0.30331288176330     0.36826960636154         43        13.0124378204         4.5832438469         7.9875617027     0.07826215773821        13.0124378204         4.5832438469         7.9875617027     0.07826215773821                  1.0                    0         3.2893443108         2.7212169170          0 ellipse      [        5.1763520241         4.0281248093]        70.6355361938     0.55934393405914         68
    69       266.4352853153       -28.9931590804      2.067759493E-05      3.353640668E-05 (     3970.9173126615,     4144.6950904393)     0.13229757157569     0.24541030851196        215       242.5831146240        19.6740760803       144.4168853760     0.26316648721695       242.5831146240        19.6740760803       144.4168853760     0.26316648721695                  1.0                    0        18.5908489227         2.3774070740          0 ellipse      [       14.7595996857         7.2721285820]        102.784652710         1.4525907040         69
    70       266.4234640440       -28.9924909545      4.165283718E-05      3.552331224E-05 (     4046.5740740741,     4149.5925925926)     0.26656614856029     0.25994422547046         61        27.4527683258         7.3493404388        26.5472316742     0.11314538866282        27.4527683258         7.3493404388        26.5472316742     0.11314538866282                  1.0                    0         4.4103136063         2.3018517494          0 ellipse      [        5.9019198418         5.7044539452]        21.1627960205     0.84024339914322         70
    71       266.4382550807       -28.9920981578      4.240279185E-05       2.70060678E-05 (     3951.9090909091,     4152.4545454545)     0.27134636627079     0.19765720236592         44        19.8494777679         6.9291720390        28.1505222321      0.1158769428730        19.8494777679         6.9291720390        28.1505222321      0.1158769428730                  1.0                    0         3.1131939888         2.4247353077          0 ellipse      [        3.1100041866         1.2185645103]       147.3512115479     0.26762035489082         71
    72       266.4063796654       -28.9916265707       5.66885688E-05      4.550010445E-05 (     4155.9166666667,     4155.9166666667)     0.36284306882226     0.33289902261640         45        14.2108945847         4.8994412422         9.7891054153     0.06724931299686        14.2108945847         4.8994412422         9.7891054153     0.06724931299686                  1.0                    0         3.3465757370         2.2894532681          0 ellipse      [        5.5823678970         4.6056671143]        31.5565338135     0.73824828863144         72
    73       266.4127896151       -28.9914935782      3.572325494E-05      3.795201789E-05 (     4114.8918918919,     4156.8918918919)     0.22864220738484     0.27769210549650         48        21.1607265472         6.0833916664        15.8392724991     0.08750206232071        21.1607265472         6.0833916664        15.8392724991     0.08750206232071                  1.0                    0         4.1712508202         2.2765383720          0 ellipse      [        5.3101429939         3.858666420]       115.7894439697     0.66278928518295         73
    74       266.4189259948       -28.9877781176      3.294115896E-05      4.596301193E-05   (     4075.61718750,     4184.0781250)     0.21082783426755     0.33632052564735        140        73.0528335571        11.3148651123        54.9471626282     0.16178746521473        73.0528335571        11.3148651123        54.9471626282     0.16178746521473                  1.0                    0         8.6319713593         2.3267371655          0 ellipse      [       11.5871181488         6.8736939430]        77.6873321533         1.2785397768         74
    75       266.4255005392       -28.9864618095      6.356244484E-05      3.597189207E-05 (     4033.5365853659,     4193.7073170732)     0.40680932421083     0.26324272267175         68        24.2165641785         6.4037299156        16.7834358215     0.08805784583092        24.2165641785         6.4037299156        16.7834358215     0.08805784583092                  1.0                    0         4.6684384346         2.3572053909          0 ellipse      [        7.8506116867         5.0005607605]       172.8660888672     0.88601779937744         75
    76       266.4076170795       -28.9856054323      2.657093961E-05      2.952378346E-05       (     4148.0,     4199.9743589744)     0.17008332258229     0.21601610566177        150        68.2492218018        10.3449640274        38.7507820129     0.13522501289845        68.2492218018        10.3449640274        38.7507820129     0.13522501289845                  1.0                    0         9.3685035706         2.3427188396          0 ellipse      [        4.0832328796         3.1400246620]        78.0086517334     0.50948005914688         76
    77       266.3857170733       -28.9854056319      5.113856059E-05      3.622041407E-05 (     4288.1724137931,     4201.4137931034)     0.32738275176416     0.26494448470294         44        15.7026777267         5.3857593536        13.2973222733     0.08001147955656        15.7026777267         5.3857593536        13.2973222733     0.08001147955656                  1.0                    0         3.3072364330         2.6370193958          0 ellipse      [        6.0131373405         3.1838760376]        34.1124229431     0.55308777093887         77
    78       266.4425053689       -28.9849449410      1.544382457E-05      1.284718891E-05 (     3924.6947368421,     4204.7894736842)     0.09882824207534     0.09402626714018        114       103.7163314819        12.5309734344        53.2836647034     0.15902474522591       103.7163314819        12.5309734344        53.2836647034     0.15902474522591                  1.0                    0        12.4199886322         2.5808763504          0 ellipse      [        2.9291520119         2.7073740959]       154.6511383057     0.36371117830276         78
    79       266.4028099527       -28.9843663001      4.440319742E-05      3.897317537E-05 (     4178.7692307692,     4209.0384615385)     0.28423931655561     0.28513865219975         38        16.0939788818         5.0994825363         9.9060211182     0.06872456520796        16.0939788818         5.0994825363         9.9060211182     0.06872456520796                  1.0                    0         3.7740702629         2.3907961845          0 ellipse      [        4.3663587570         4.3434300423]        63.4349479675     0.60717278718948         79
    80       266.4452945202       -28.9840645259      3.011255876E-05      2.439669373E-05 (     3906.8409090909,     4211.2272727273)     0.19269506007140     0.17856069517984         47        29.1084671021         6.6337852478        14.8915338516     0.08428494632244        29.1084671021         6.6337852478        14.8915338516     0.08428494632244                  1.0                    0         5.8746380806         2.6625642776          0 ellipse      [        3.8648979664         3.5203163624]        17.6289157867     0.46178358793259         80
    81       266.4161146080       -28.9837135095      2.484642175E-05      2.329791945E-05 (     4093.6111111111,     4213.8194444444)     0.15903300034552     0.17047318505956         57        56.7452468872         8.4857130051        15.2547521591     0.08554092794657        56.7452468872         8.4857130051        15.2547521591     0.08554092794657                  1.0                    0        11.3477010727         2.3586585522          0 ellipse      [        4.3799962997         4.004512310]        70.4431076050     0.59186869859695         81
    82       266.4174220758       -28.9834941764      3.416035128E-05      3.611796104E-05 (     4085.2424242424,     4215.4242424242)     0.21864556367927     0.26428100576868         41        22.0913791656         5.7450065613        10.9086208344     0.07140960544348        22.0913791656         5.7450065613        10.9086208344     0.07140960544348                  1.0                    0         5.0043082237         2.3641684055          0 ellipse      [        4.5800228119         3.7370495796]        79.5006408691     0.58330887556076         82
    83       266.3981290654       -28.9835037227      4.619219811E-05      5.147712633E-05 (     4208.7307692308,     4215.3461538462)     0.29571742222834     0.37661803862557         48        14.3884983063         5.0995430946        11.6115016937     0.07306553423405        14.3884983063         5.0995430946        11.6115016937     0.07306553423405                  1.0                    0         3.1861913204          2.443844080          0 ellipse      [        6.6210813522         3.1329100132]       124.0160293579     0.62121748924255         83
    84       266.4186151179       -28.9830303173      5.395537943E-05      3.336462068E-05 (     4077.6060606061,     4218.8181818182)     0.34534659115843      0.2441399343370         48        19.4686546326         5.7451171875        13.5313463211     0.07982064783573        19.4686546326         5.7451171875        13.5313463211     0.07982064783573                  1.0                    0         4.0737352371         2.3732423782          0 ellipse      [        6.1384973526         3.9297349453]        18.5882587433     0.68984150886536         84
    85       266.3964702771       -28.9819381386       4.02437222E-05      3.564402193E-05             (     4219.350,     4226.80)     0.25763346055919     0.26076809620827         32        12.3205862045         4.4725403786         7.6794133186     0.06015350669622        12.3205862045         4.4725403786         7.6794133186     0.06015350669622                  1.0                    0         3.1564173698         2.4831783772          0 ellipse      [        3.9277169704         2.9598209858]        46.2573776245     0.45769232511520         85
    86       266.4238616618       -28.9817296970      3.044410903E-05      2.285327654E-05 (     4044.0238095238,     4228.3333333333)     0.19485472010683     0.16723259925220         83        50.4352226257         8.9450721741        29.5647773743     0.11962917447090        50.4352226257         8.9450721741        29.5647773743     0.11962917447090                  1.0                    0         7.7522454262         2.4179410934          0 ellipse      [        4.0085215569         2.9757726192]       150.8050842285     0.47612941265106         86
    87       266.4141183543       -28.9792471593       3.71053282E-05       5.06493325E-05      (     4106.3888888889,     4246.50)     0.23751398774766     0.37060177955937         35        10.7256746292         4.2430410385         7.2743253708     0.05830025672913        10.7256746292         4.2430410385         7.2743253708     0.05830025672913                  1.0                    0         2.7984468937         2.4342634678          0 ellipse      [        4.7215213776         3.0159783363]        93.2633209229     0.51673305034637         87
    88       266.4310674567       -28.9779444531      2.520964574E-05      3.485968964E-05 (     3997.8974358974,     4256.0256410256)     0.16133431053731     0.25509194301594         49        32.6110534668         6.2452325821         6.3889446259     0.05413506925106        32.6110534668         6.2452325821         6.3889446259     0.05413506925106                  1.0                    0         8.8812952042         2.5315783024          0 ellipse      [        4.7993273735         2.9904491901]        83.2736587524     0.49882221221924         88
    89       266.4044748470       -28.9774660191       3.23336165E-05      3.227754456E-05 (     4168.1176470588,     4259.5294117647)     0.20699157448325     0.23615758520009         88        36.9838638306         7.4839172363        19.0161361694     0.09495312720537        36.9838638306         7.4839172363        19.0161361694     0.09495312720537                  1.0                    0         6.7911233902         2.4971668720          0 ellipse      [        4.1510281563         3.5979764462]       101.3259429932     0.51586753129959         89
    90       266.4139708579       -28.9761095191      4.184803652E-05       3.94356649E-05 (     4107.3333333333,     4269.4583333333)     0.26787918780610     0.28854981436598         45        15.0849008560         4.8994135857         8.9150991440     0.06521034985781        15.0849008560         4.8994135857         8.9150991440     0.06521034985781                  1.0                    0         3.6712977886         2.4963891506          0 ellipse      [        4.3344650269         3.8336391449]        63.6975669861     0.54430186748505         90
    91       266.4013498654       -28.9752195397      4.437054133E-05      2.691087957E-05 (     4188.1228070175,     4275.9649122807)     0.28404822682205     0.19687448881632         80        39.9378318787         7.5503740311        17.0621662140     0.09026871621609        39.9378318787         7.5503740311        17.0621662140     0.09026871621609                  1.0                    0         7.6502718925         2.6016101837          0 ellipse      [        6.5379862785         4.3045291901]        13.6811609268     0.67970639467239         91
    92       266.3978717425       -28.9750732562      2.434798739E-05      3.327799599E-05 (     4210.3870967742,     4277.0322580645)     0.15589304582772     0.24347412227144         42        22.8238506317         5.5681157112         8.1761484146     0.06253137439489        22.8238506317         5.5681157112         8.1761484146     0.06253137439489                  1.0                    0         5.7236113548         2.6584029198          0 ellipse      [        4.0740199089         2.5926473141]        85.5814819336     0.40751278400421         92
    93       266.4396261569       -28.9745409165      1.155752329E-05      1.022448555E-05 (     3943.1079545455,     4280.9204545455)     0.07396724198406     0.07482831197103        198       430.2936401367        21.9322872162        50.7063598633     0.15883487462997       430.2936401367        21.9322872162        50.7063598633     0.15883487462997                  1.0                    0        52.6461982727         2.7674293518          0 ellipse      [        4.3539586067         4.0142455101]        49.1043891907     0.50355428457260         93
    94       266.4385954278       -28.9745342436      1.321224659E-05      1.448655914E-05 (     3949.7058823529,     4280.9705882353)     0.08455412202966     0.10601563122873         82       162.1303710938        13.4167299271        17.8696346283     0.09295693039894       162.1303710938        13.4167299271        17.8696346283     0.09295693039894                  1.0                    0        30.5040302277         2.7483808994          0 ellipse      [        3.7715463638         2.8780591488]       106.2931823730     0.39958703517914         94
    95       266.4247708640       -28.9742819574      4.318615822E-05      4.468425732E-05      (     4038.20,     4282.8285714286)     0.27642026565627     0.32697928358721         50        22.3554382324         5.9165840149        12.6445617676     0.07722452282906        22.3554382324         5.9165840149        12.6445617676     0.07722452282906                  1.0                    0         4.7974500656         2.5757308006          0 ellipse      [        6.4935755730         3.9472031593]        55.5949211121     0.65518653392792         95
    96       266.4021415810       -28.9744176038      5.486732226E-05      2.764294695E-05 (     4183.0555555556,     4281.8333333333)     0.35124216182157     0.20222527470287         55        24.4782314301         6.0004534721        11.5217676163     0.07377928495407        24.4782314301         6.0004534721        11.5217676163     0.07377928495407                  1.0                    0         5.4358525276         2.6180708408          0 ellipse      [        6.4179515839         3.4687342644]        11.7928104401     0.60073244571686         96
    97       266.4157739213       -28.9740993911      3.562727517E-05      5.559983095E-05 (     4095.7916666667,     4284.1666666667)     0.22805919268967     0.40682829210709         48        14.3850297928         4.8994374275         9.6149702072     0.06698042899370        14.3850297928         4.8994374275         9.6149702072     0.06698042899370                  1.0                    0         3.4092051983         2.5385944843          0 ellipse      [        5.9874186516         3.3369433880]        93.6321487427     0.58692097663879         97
    98       266.4000182083       -28.9735154981      6.324206629E-05      6.431165913E-05 (     4196.6486486486,     4288.4324324324)     0.40489376041023     0.47051956818723         82        21.6242713928         6.0833773613        15.3757295609     0.08649806678295        21.6242713928         6.0833773613        15.3757295609     0.08649806678295                  1.0                    0         4.3113293648         2.6768627167          0 ellipse      [       10.1355476379         5.0581393242]        52.1791763306     0.89160323143005         98
    99       266.4252558035       -28.9733669082      3.923272232E-05      3.862942069E-05 (     4035.0952380952,     4289.5238095238)     0.25111779047438     0.28267468557351         34        12.2421531677         4.5830316544         8.7578468323     0.06463094800711        12.2421531677         4.5830316544         8.7578468323     0.06463094800711                  1.0                    0         2.9979708195         2.6157906055          0 ellipse      [        4.6267704964         2.3692624569]       129.1853179932     0.42191147804260         99
   100       266.4049037601       -28.9731906993      3.048429403E-05      2.481372339E-05         (     4165.3750,     4290.81250)     0.19515618745027     0.18154609435351         82        25.0041427612         6.4037213326        15.9958572388     0.08743050694466        25.0041427612         6.4037213326        15.9958572388     0.08743050694466                  1.0                    0         4.9103116989         2.6288778782          0 ellipse      [        2.4182314873         2.0934720039]        29.8717823029     0.28529283404350        100
   101       266.4271412842       -28.9715233490      3.523158256E-05      2.948277519E-05 (     4023.0243902439,     4303.0121951220)     0.22551125717746     0.21574952872015         88        58.5440063477         9.0560140610        23.4559936523     0.10669519007206        58.5440063477         9.0560140610        23.4559936523     0.10669519007206                  1.0                    0         9.8892593384         2.6900241375          0 ellipse      [        7.1226449013         4.5990738869]        41.9153671265     0.70921581983566        101
   102       266.4228384374       -28.9706846652      1.241908097E-05      1.030327196E-05 (     4050.5683453237,     4309.1510791367)     0.07949582324227     0.07539463249850         82       141.4454498291        12.6889438629        19.5545520782     0.09639612585306       141.4454498291        12.6889438629        19.5545520782     0.09639612585306                  1.0                    0        25.6890621185         2.6880433559          0 ellipse      [        3.0076098442         2.4436054230]       142.4897460938     0.33617758750916        102
   103       266.4172575592       -28.9700784350      4.457402753E-05      5.217245827E-05 (     4086.2941176471,     4313.5882352941)     0.28533602945436     0.38175358933677         33        10.5804529190         4.1234722137         6.4195470810     0.05496752634645        10.5804529190         4.1234722137         6.4195470810     0.05496752634645                  1.0                    0         2.8769986629         2.6843726635          0 ellipse      [        5.2153706551         2.7484970093]        60.0301551819     0.47013884782791        103
   104       266.4239491081       -28.9681983927      5.102608264E-05      5.380410477E-05 (     4043.4571428571,     4327.3428571429)     0.32662243606865     0.39371150142597         70        22.5620918274         5.9167122841        12.4379081726     0.08650788664818        22.5620918274         5.9167122841        12.4379081726     0.08650788664818                  1.0                    0         4.8714270592         2.7776217461          0 ellipse      [        7.3281078339         5.3601765633]       116.2177581787     0.75212687253952        104
   105       266.4074622911       -28.9673493294      3.471010376E-05      3.788060413E-05       (     4149.0,     4333.5555555556)     0.22222222222263     0.27715980642733         23         6.1090798378         3.0003793240         2.8909199238     0.04770138114691         6.1090798378         3.0003793240         2.8909199238     0.04770138114691                  1.0                    0         2.1006977558         2.8096315861          0 ellipse      [        3.0434463024     0.9796210527420]       127.2379455566     0.20485249161720        105
   106       266.4085034358       -29.0315858989      3.849477002E-05      3.295139643E-05 (     4142.3064516129,     3863.5322580645)     0.24629270936748     0.24109287886859         67        32.6410369873         7.8752040863        29.3589611053     0.13726778328419        32.6410369873         7.8752040863        29.3589611053     0.13726778328419                  1.0                    0         5.0316352844         2.6179139614          0 ellipse      [        6.7334189415         4.5764164925]        43.3384056091     0.70681208372116        106
   107       266.4200363815       -29.0301970211      3.947602158E-05      5.209562416E-05 (     4068.5217391304,     3873.6956521739)      0.2525451930760     0.38119691416296         53        15.3372154236         4.7962288857         7.6627850533     0.06174176558852        15.3372154236         4.7962288857         7.6627850533     0.06174176558852                  1.0                    0         3.9321351051         2.5695936680          0 ellipse      [        5.7269444466         3.2378649712]        69.5714187622     0.55860543251038        107
   108       266.4106248037       -29.0266590157       3.54016704E-05      4.747399629E-05 (     4128.7361111111,     3899.5833333333)     0.22651500879874     0.34736108334437         87        36.3874664307         8.4862737656        35.6125335693     0.12978479266167        36.3874664307         8.4862737656        35.6125335693     0.12978479266167                  1.0                    0         5.1759271622         2.4792344570          0 ellipse      [        9.1346406937         5.2909455299]       107.9284820557     0.93470275402069        108
   109       266.4168516409       -29.0236850342      3.437881435E-05      2.849140839E-05 (     4088.8965517241,     3921.3448275862)     0.21996014981278     0.20847593763574         73        29.7011337280         7.2808661461        23.2988662720     0.10492399334908        29.7011337280         7.2808661461        23.2988662720     0.10492399334908                  1.0                    0         5.0307102203         2.3945102692          0 ellipse      [        3.8524355888         3.0216224194]       141.4973144531     0.47495213150978        109
   110       266.3990899584       -29.0175625135      4.682394416E-05      2.953189671E-05 (     4202.5454545455,     3966.1363636364)     0.29963664446677     0.21604497681301         55        18.0877952576         6.0834865570        18.9122047424     0.09386585652828        18.0877952576         6.0834865570        18.9122047424     0.09386585652828                  1.0                    0         3.3285059929         2.3608186245          0 ellipse      [        4.2290701866         3.0221784115]         6.3832468987     0.50477588176727        110
   111       266.4147881072       -29.0131982012      2.406672365E-05      1.911513612E-05      (     4102.10,     3998.0777777778)     0.15400016033345     0.13986570082125        133        141.300277710        19.0291004181        220.699722290     0.32664087414742        141.300277710        19.0291004181        220.699722290     0.32664087414742                  1.0                    0         8.8973369598         2.2663149834          0 ellipse      [        4.3959183693         3.9662899971]        10.2655792236     0.61415147781372        111
   112       266.4363383699       -29.0105969183      2.839334235E-05      2.346892676E-05              (     3964.20,     4017.10)     0.18165902124611     0.17175564037325         44        35.0926628113         8.3075866699        33.9073371887     0.12644895911217        35.0926628113         8.3075866699        33.9073371887     0.12644895911217                  1.0                    0         5.0954580307         2.3788213730          0 ellipse      [        2.4576165676         2.2825689316]        20.3006477356     0.33188369870186        112
   113       266.4067157367       -29.0095662119      3.596878764E-05      2.996676349E-05 (     4153.7558139535,     4024.6511627907)     0.23018324965960     0.21925154277778         64        30.5763263702         9.2750282288        55.4236717224     0.16169382631779        30.5763263702         9.2750282288        55.4236717224     0.16169382631779                  1.0                    0         3.5993704796         2.2519924641          0 ellipse      [        7.0725126266         5.3100447655]        39.9825935364     0.90708452463150        113
   114       266.4212123707       -29.0079996173      2.010386919E-05      1.833151295E-05 (     4060.9903846154,     4036.1153846154)     0.12864162318874     0.13413905583184         88       113.4303817749        17.0318489075       176.5696258545     0.28961536288261       113.4303817749        17.0318489075       176.5696258545     0.28961536288261                  1.0                    0         7.9232506752         2.2590956688          0 ellipse      [        4.2276334763         3.8024182320]        56.6643829346     0.59159260988235        114
   115       266.4204249330       -29.0063741025      2.092697156E-05      1.804104455E-05 (     4066.0288461538,     4048.0096153846)     0.13391187418938     0.13201303010419        108       130.5037994385        19.8778266907       264.4961853027     0.35780158638954       130.5037994385        19.8778266907       264.4961853027     0.35780158638954                  1.0                    0         7.5495157242         2.2514696121          0 ellipse      [        5.8720173836         5.6314306259]       144.9856719971     0.85136479139328        115
   116       266.4330870314       -29.0056675541       2.31678099E-05      2.426096419E-05          (     3985.0,     4053.1718750)     0.14823176532036     0.17754110370788         72        55.6405639648        12.0017757416        88.3594360352     0.20647276937962        55.6405639648        12.0017757416        88.3594360352     0.20647276937962                  1.0                    0         5.3296685219         2.3257045746          0 ellipse      [        4.2647600174         3.5530376434]        94.3610382080     0.55791932344437        116
   117       266.4140650999       -29.0044538749      2.346001543E-05      1.846503705E-05 (     4106.7272727273,     4062.0606060606)     0.15013142251701     0.13510798279367         73        64.8501892090        14.3898344040       142.1498107910     0.25948145985603        64.8501892090        14.3898344040       142.1498107910     0.25948145985603                  1.0                    0         5.0061631203         2.2242653370          0 ellipse      [        2.6422483921         2.2658829689]       156.7748870850     0.36668884754181        117
   118       266.3989781623       -29.0011178655      4.260516903E-05      3.333454092E-05 (     4203.2777777778,     4086.4629629630)     0.27269003223591     0.24387273627281         66        26.4556484222         7.3493485451        27.5443515778     0.11368783563375        26.4556484222         7.3493485451        27.5443515778     0.11368783563375                  1.0                    0         4.1865215302         2.2789239883          0 ellipse      [        6.2877330780         5.0505070686]        29.4770450592     0.82425850629807        118
   119       266.4337024547       -28.9970411021      3.201343259E-05      2.677450661E-05 (     3981.0520833333,     4116.2916666667)     0.20485099580719     0.19594227170910        155        94.5736770630         14.493306160       115.4263229370     0.23646531999111        94.5736770630         14.493306160       115.4263229370     0.23646531999111                  1.0                    0         8.0293397903         2.3397746086          0 ellipse      [        6.2576823235         5.5018291473]       145.1542510986     0.83592057228088        119
   120       266.4387875644       -28.9957949964       4.30061425E-05      2.995313051E-05 (     3948.5064102564,     4125.4038461538)     0.27519295646289     0.21922305544922        118        64.4871292114        12.4917459488        91.5128707886     0.20906132459641        64.4871292114        12.4917459488        91.5128707886     0.20906132459641                  1.0                    0         6.0806188583         2.4043214321          0 ellipse      [       11.1688156128         7.0041842461]       150.4435119629         1.2262204885        120
   121       266.4020156874       -28.9924978884      4.760478629E-05      5.067483055E-05 (     4183.8461538462,     4149.5384615385)     0.30471936543381     0.37075621769964         76        17.9527854919         5.8316001892        16.0472145081     0.08696693927050        17.9527854919         5.8316001892        16.0472145081     0.08696693927050                  1.0                    0         3.5212306976         2.2979946136          0 ellipse      [        4.2818036079         2.9347746372]       118.7644042969     0.51419812440872        121
   122       266.3902420648       -28.9917146336      5.812592684E-05      4.532733459E-05      (     4259.20,     4155.2571428571)     0.37208732791078     0.33158335583357         77        20.1122283936         5.9166545868        14.8877706528     0.08248268812895        20.1122283936         5.9166545868        14.8877706528     0.08248268812895                  1.0                    0         4.0594172478         2.4292874336          0 ellipse      [        7.3924560547         4.8576216698]       143.4028625488     0.82225412130356        122
   123       266.3889587359       -28.9886411571      4.879935983E-05      4.759775377E-05 (     4267.4186046512,     4177.7441860465)     0.31241233818946     0.34820566592498         63        22.8437347412         6.5581789017        20.1562652588     0.09853654354811        22.8437347412         6.5581789017        20.1562652588     0.09853654354811                  1.0                    0         4.0994892120         2.4902477264          0 ellipse      [        8.0317716599         4.4927797318]        50.9572906494     0.80408030748367        123
   124       266.3818201072       -28.9873492884      4.579865811E-05      2.955829957E-05 (     4313.1111111111,     4187.1851851852)     0.29319363177819     0.21619630512851        107        36.2587203979         7.5505051613        20.7412776947     0.10064858198166        36.2587203979         7.5505051613        20.7412776947     0.10064858198166                  1.0                    0         6.4335637093         2.7088217735          0 ellipse      [        4.5853300095         3.3498749733]         6.7731242180     0.48227852582932        124
   125       266.3858625385       -28.9807198831      3.470479618E-05      3.498470477E-05             (     4287.250,     4235.70)     0.22220486043261     0.25592967784178         88        27.9890232086         6.6338329315        16.0109767914     0.08796860277653        27.9890232086         6.6338329315        16.0109767914     0.08796860277653                  1.0                    0         5.4944891930         2.7410564423          0 ellipse      [        3.4892668724         2.9159076214]        71.1086883545     0.38789549469948        125
   126       266.4283956398       -28.9782044853      5.966607216E-05      5.299403333E-05             (     4015.0,     4254.1250)     0.38188130791286     0.38780230143675         48        14.2022867203         4.8994393349         9.7977132797     0.06710921972990        14.2022867203         4.8994393349         9.7977132797     0.06710921972990                  1.0                    0         3.3435049057         2.5006680489          0 ellipse      [        7.1238083839         3.6380941868]       134.2481689453     0.67860299348831        126
   127       266.4236839334       -28.9770571578      5.168540275E-05      3.416039571E-05 (     4045.1590909091,     4262.5227272727)     0.33082538560757     0.24997652031016         61        26.1373519897         6.6338887215        17.8626480103     0.09209237992764        26.1373519897         6.6338887215        17.8626480103     0.09209237992764                  1.0                    0         4.9183630943         2.4922993183          0 ellipse      [        6.9892816544         4.3858504295]         25.552104950     0.74049431085587        127
   128       266.4314277194       -28.9747161517      8.820237548E-05      2.770154909E-05 (     3995.5882352941,     4279.6470588235)     0.56457610965617     0.20276934704452         45        10.3251886368         4.1234912872         6.6748118401     0.05637832731009        10.3251886368         4.1234912872         6.6748118401     0.05637832731009                  1.0                    0         2.7719736099         2.6352176666          0 ellipse      [        6.9863009453         2.5000841618]       178.2379913330     0.52864390611649        128
   129       266.3937297926       -28.9736803899      5.822148739E-05      7.001137613E-05 (     4236.9024390244,     4287.2195121951)     0.37278774871265     0.51220928565999        106        27.4250030518         6.4036335945        13.5749969482     0.08078468590975        27.4250030518         6.4036335945        13.5749969482     0.08078468590975                  1.0                    0         5.7316474915         2.7665784359          0 ellipse      [       10.6816434860         5.8303451538]       117.6812438965      0.9508278965950        129
   130       266.4003299748       -29.0292799608      5.668177397E-05          6.79438E-05              (     4194.60,     3880.40)     0.36270588023217     0.49710271686126         35         8.5150375366         3.8733782768         6.4849619865     0.05531235411763         8.5150375366         3.8733782768         6.4849619865     0.05531235411763                  1.0                    0         2.3077306747         2.6140627861          0 ellipse      [        6.1065006256         3.7189583778]       114.1588897705     0.60767251253128        130
   131       266.4363729397       -29.0271404105      5.301488551E-05      5.590423505E-05              (     3964.0,     3896.050)     0.33911649915626     0.40911489828613         55        12.9886388779         4.4725055695         7.0113606453     0.05749348923564        12.9886388779         4.4725055695         7.0113606453     0.05749348923564                  1.0                    0         3.4307732582         2.6139292717          0 ellipse      [        5.4966034889         4.5403580666]        84.5952835083     0.63705533742905        131
   132       266.4404136118       -29.0238665646      8.628130485E-05      5.163934835E-05       (     3938.1428571429,     3920.0)     0.55196442188935     0.37796447300934         49         8.3947772980         3.7420070171         5.6052227020     0.05115702003241         8.3947772980         3.7420070171         5.6052227020     0.05115702003241                  1.0                    0         2.3842320442         2.6262059212          0 ellipse      [        6.2937736511         4.0958719254]        13.3855752945     0.64443439245224        132
   133       266.4288840146       -29.0100785202       4.10549207E-05      4.076757255E-05              (     4011.90,     4020.90)     0.26267851073135     0.29832867780351         36        11.5682907104         6.0009570122        24.4317092896     0.10716944932938        11.5682907104         6.0009570122        24.4317092896     0.10716944932938                  1.0                    0         1.9222375154         2.3131761551          0 ellipse      [        3.1417853832         2.0854699612]        54.5128021240     0.36885890364647        133
   134       266.4022852488       -29.0072661425      2.930785001E-05      4.341208554E-05 (     4182.1086956522,     4041.4782608696)     0.18758302728747     0.31762815825095         38        12.8652839661         6.7835063934        33.1347160339     0.12631841003895        12.8652839661         6.7835063934        33.1347160339     0.12631841003895                  1.0                    0          1.886112690         2.2587561607          0 ellipse      [        6.4650864601         3.8128364086]        88.1033706665     0.73269063234329        134
   135       266.4361898843       -29.0048510842      2.638868784E-05      2.483843948E-05 (     3965.1428571429,     4059.1428571429)     0.16883909722401     0.18177400293689         56        41.1609191895        10.1009464264        60.8390808105     0.17066925764084        41.1609191895        10.1009464264        60.8390808105     0.17066925764084                  1.0                    0         4.6520700455         2.3596973419          0 ellipse      [        2.5718858242         2.2401020527]        61.2355957031     0.33906438946724        135
   136       266.4320012793       -29.0030920279       2.85339683E-05      2.496672244E-05 (     3991.9454545455,     4072.0181818182)     0.18257692922816     0.18270856365734         73        44.4883613586        10.8644208908        73.5116348267     0.18876832723618        44.4883613586        10.8644208908        73.5116348267     0.18876832723618                  1.0                    0         4.6257629395         2.3190555573          0 ellipse      [        4.1836838722         3.9397437572]        45.3441009521     0.58355396986008        136
   137       266.4385905078       -28.9887642632      3.730585843E-05      3.370041568E-05 (     3949.7575757576,     4176.8484848485)     0.23872289159590     0.24663469423194         87        40.8118133545         9.5406513214        50.1881866455     0.15498796105385        40.8118133545         9.5406513214        50.1881866455     0.15498796105385                  1.0                    0         5.0155234337         2.4508693218          0 ellipse      [        4.5564160347         3.7723743916]        50.0291938782     0.56386828422546        137
   138       266.3836264841       -28.9842975069      5.688157574E-05       3.38706402E-05 (     4301.5555555556,     4209.5185185185)     0.36414521490769     0.24773525832643         47        16.4590110779         5.1966447830        10.5409889221     0.07153127342463        16.4590110779         5.1966447830        10.5409889221     0.07153127342463                  1.0                    0         3.7748234272         2.7206935883          0 ellipse      [        6.0496149063         3.2462227345]        24.1899929047     0.54294037818909        138
   139       266.4386249662       -28.9834055116      3.468390429E-05      4.324267926E-05 (     3949.5294117647,     4216.0588235294)     0.22193934547840     0.31645296512579         21         5.2023081779         4.1237959862        11.7976913452     0.07546138763428         5.2023081779         4.1237959862        11.7976913452     0.07546138763428                  1.0                    0         1.1453096867         2.5335652828          0 ellipse      [        3.9415304661         2.7060062885]        80.7138290405     0.42967835068703        139
   140       266.4195792397       -28.9761584452      5.689518918E-05      4.241642588E-05      (     4071.4333333333,     4269.10)     0.36418351092470     0.31037611591910         59        14.5565233231         5.4778790474        15.4434766769     0.08460694551468        14.5565233231         5.4778790474        15.4434766769     0.08460694551468                  1.0                    0         2.8973326683         2.5010004044          0 ellipse      [        6.6718187332         4.1601486206]       145.5565490723     0.70216876268387        140
