 
--------------------------------------------------------------------------------
Data for Table Block SRCLIST
--------------------------------------------------------------------------------
 
ROW    RA                   DEC                  RA_ERR               DEC_ERR              POS(X,Y)                                 X_ERR                Y_ERR                NPIXSOU    NET_COUNTS           NET_COUNTS_ERR       BKG_COUNTS           BKG_COUNTS_ERR       NET_RATE             NET_RATE_ERR         BKG_RATE             BKG_RATE_ERR         EXPTIME              EXPTIME_ERR          SRC_SIGNIFICANCE     PSF_SIZE             MULTI_CORREL_MAX SHAPE        R[2]                                     ROTANG               PSFRATIO             COMPONENT
 
     1       266.4085793305       -29.0316376476      7.794634388E-05      2.024607366E-05            (     4140.050,     3863.350)     0.49868577280631     0.14811313243627         66        22.6964359283         6.3254313469        17.3035640717     0.10526642948389        22.6964359283         6.3254313469        17.3035640717     0.10526642948389                  1.0                    0         4.3239965439         2.6210472584          0 ellipse      [        9.4622545242         2.8090472221]     0.52110040187836     0.65566307306290          1
     2       266.4201537452       -29.0303012677      6.257215568E-05      3.727170369E-05       (     4066.0,     3873.1290322581)     0.40031205309651     0.27273591868334         69        21.9394454956         5.5681648254         9.0605545044     0.06677003949881        21.9394454956         5.5681648254         9.0605545044     0.06677003949881                  1.0                    0         5.3094115257         2.5743808746          0 ellipse      [        7.2113089561         3.6687986851]       154.2146759033     0.66600108146667          2
     3       266.4303053865       -29.0294946581      3.050150298E-05      4.333845836E-05 (     4001.0512820513,     3879.0256410256)     0.19510349905477     0.31713539375369         81        31.8961257935         6.2452774048         7.1038742065     0.05907452851534        31.8961257935         6.2452774048         7.1038742065     0.05907452851534                  1.0                    0         8.3882503510         2.6194262505          0 ellipse      [        6.0779829025         3.4235718250]        75.2259292603     0.58048635721207          3
     4       266.4067884277       -29.0289396220      4.544455396E-05      3.049123006E-05 (     4151.5090909091,     3883.0909090909)     0.29076442684072     0.22308539264532         71        36.2076301575         7.4168133736        18.7923698425     0.09549871832132        36.2076301575         7.4168133736        18.7923698425     0.09549871832132                  1.0                    0         6.6795425415         2.5540921688          0 ellipse      [        6.6884465218         4.6635451317]       159.2472839355     0.72889149188995          4
     5       266.4078358924       -29.0286419807      3.608623638E-05      3.608235347E-05 (     4144.8076923077,     3885.2692307692)     0.23089247202279     0.26400248960908         38        15.3465299606         5.0995211601        10.6534700394     0.07153313606977        15.3465299606         5.0995211601        10.6534700394     0.07153313606977                  1.0                    0         3.5062534809         2.5375914574          0 ellipse      [        4.3315663338         3.1656842232]        58.0093269348     0.48642212152481          5
     6       266.3956227351       -29.0275626284       3.57927367E-05      7.962549968E-05 (     4222.9473684211,     3893.1578947368)     0.22909776319284     0.58258739857547         63        13.3083696365         4.3592133522         5.6916303635     0.05234783142805        13.3083696365         4.3592133522         5.6916303635     0.05234783142805                  1.0                    0         3.7615125179         2.6341016293          0 ellipse      [        7.6336088181         2.9566652775]        86.0654602051     0.60119068622589          6
     7       266.4081300386       -29.0263054589      3.296390946E-05      2.739037095E-05 (     4142.9268292683,     3902.3658536585)     0.21091637093741     0.20040440245202         81        38.6927032471         7.7466254234        21.3072986603     0.10101263225079        38.6927032471         7.7466254234        21.3072986603     0.10101263225079                  1.0                    0         6.7923402786         2.4710042477          0 ellipse      [        4.8291220665         2.8132824898]       137.9721984863     0.49721705913544          7
     8       266.3984951339       -29.0261046928      3.111620481E-05       3.88501701E-05 (     4204.5714285714,     3903.8285714286)     0.19912344355362     0.28424109997559         67        24.7303924561         5.9164938927        10.2696075439     0.06999888271093        24.7303924561         5.9164938927        10.2696075439     0.06999888271093                  1.0                    0         5.7251853943         2.5543761253          0 ellipse      [        5.0511927605         3.5249173641]        94.0332183838      0.5506369471550          8
     9       266.4126301141       -29.0241249482      5.575009288E-05      3.504531466E-05 (     4114.1355932203,     3918.3220338983)     0.35670426927481     0.25642076834220         82        34.5235404968         7.6819071770        24.4764595032     0.10814920067787        34.5235404968         7.6819071770        24.4764595032     0.10814920067787                  1.0                    0         5.7323365211         2.4051330090          0 ellipse      [        8.2945318222         5.8032913208]        10.8121986389     0.96155196428299          9
    10       266.3981533882       -29.0233508593      2.262915268E-05       1.80695517E-05 (     4206.7608695652,     3923.9782608696)     0.14480539907072     0.13219511570105         64        41.3100357056         7.2804927826        11.6899652481     0.07464995980263        41.3100357056         7.2804927826        11.6899652481     0.07464995980263                  1.0                    0         9.1251888275         2.4875361919          0 ellipse      [        3.3490891457         2.1678285599]       141.4104156494     0.36106482148170         10
    11       266.4162634476       -29.0232958368      2.715138646E-05      2.434089476E-05 (     4090.8888888889,     3924.3888888889)     0.17371910221573     0.17810540797882         51        20.2953681946         5.9166679382        14.7046318054     0.08342082053423        20.2953681946         5.9166679382        14.7046318054     0.08342082053423                  1.0                    0         4.1156740189         2.3903448582          0 ellipse      [        2.2762103081         2.2015097141]       110.8167724609     0.31216531991959         11
    12       266.3956747183       -29.0219587207      2.558694058E-05      1.990414927E-05 (     4222.6216216216,     3934.1621621622)     0.16373717716760     0.14561280051885         84        40.5742950439         7.4166555405        14.4257040024     0.08233828842640        40.5742950439         7.4166555405        14.4257040024     0.08233828842640                  1.0                    0         8.2879095078         2.4876763821          0 ellipse      [        3.1430234909         2.4717838764]       149.8476409912     0.37347707152367         12
    13       266.4042031796       -29.0197002846      3.186662968E-05      2.508087259E-05 (     4168.0555555556,     3950.6944444444)     0.20391403282883     0.18349927020927         39        25.3975162506         6.0004196167        10.6024847031     0.07098016142845        25.3975162506         6.0004196167        10.6024847031     0.07098016142845                  1.0                    0         5.8126597404         2.3601689339          0 ellipse      [        3.7483553886         3.2143080235]       156.7811126709     0.49022987484932         13
    14       266.4025588534       -29.0193850459       4.34838953E-05      5.256823247E-05       (     4178.5769230769,     3953.0)     0.27827169964985     0.38461538461524         44        14.6366281509         5.0995392799        11.3633718491     0.07280430197716        14.6366281509         5.0995392799        11.3633718491     0.07280430197716                  1.0                    0         3.2667930126         2.3648328781          0 ellipse      [        6.2951612473         3.6202418804]       115.7711563110     0.67289996147156         14
    15       266.4116897387       -29.0172304765      3.334174312E-05      2.640398856E-05 (     4120.1538461538,     3968.7692307692)     0.21334622931772     0.19319322742376         34        15.7328987122         5.5684065819        15.2671012878     0.08456617593765        15.7328987122         5.5684065819        15.2671012878     0.08456617593765                  1.0                    0         3.1452353001         2.3016922474          0 ellipse      [        2.3285593987         2.0664265156]        16.8450336456     0.31767654418945         15
    16       266.4065700616       -29.0163430488      2.868627274E-05       2.93742438E-05 (     4152.9130434783,     3975.2608695652)     0.18356935177781     0.21491978812628         27        14.3303775787         4.7962570190         8.6696224213     0.06390268355608        14.3303775787         4.7962570190         8.6696224213     0.06390268355608                  1.0                    0         3.5217211246         2.3049173355          0 ellipse      [        3.2341775894         2.4651486874]        63.0790939331     0.40834465622902         16
    17       266.4422876213       -29.0159555205      4.048002438E-05      2.937841162E-05 (     3924.3684210526,     3978.0789473684)     0.25896943806129     0.21502296130484         57        27.5699424744         6.1648135185        10.4300575256     0.07018017768860        27.5699424744         6.1648135185        10.4300575256     0.07018017768860                  1.0                    0         6.3471698761         2.5268983841          0 ellipse      [        4.7921233177         3.9729297161]         3.5902676582     0.57558619976044         17
    18       266.4074160667       -29.0158507232      4.791488283E-05      3.203648957E-05      (     4147.50,     3978.8636363636)     0.30660767189147     0.23439260827899         30        12.0314674377         4.6909055710         9.9685325623     0.06779349595308        12.0314674377         4.6909055710         9.9685325623     0.06779349595308                  1.0                    0          2.815091610         2.2940430641          0 ellipse      [        4.7088532448         2.7052605152]        29.3090171814     0.51860815286636         18
    19       266.4118201099       -29.0156628083       3.01221383E-05      2.881381199E-05            (     4119.320,     3980.240)     0.19274854085052     0.21082694324969         41        27.4476661682         7.0718069077        22.5523338318     0.10222528874874        27.4476661682         7.0718069077        22.5523338318     0.10222528874874                  1.0                    0         4.7102270126         2.2824707031          0 ellipse      [        4.8086414337         3.6874065399]       124.9196472168     0.61495769023895         19
    20       266.4172483043       -29.0155043092      1.287683477E-05      9.980544533E-06      (     4084.5866666667,     3981.40)     0.08239381494241     0.07302967433407         88       114.1263275146        13.6394510269        71.8736724854     0.18610799312592       114.1263275146        13.6394510269        71.8736724854     0.18610799312592                  1.0                    0        11.9856014252         2.2911145687          0 ellipse      [        2.1783804893         1.8539304733]       159.3345336914     0.29237857460976         20
    21       266.4091759704       -29.0131152461      2.385207642E-05      1.177665841E-05            (     4136.240,     3998.880)     0.15263027222682     0.08616263691420         71        45.1295394897         8.9451684952        34.8704605103     0.12661968171597        45.1295394897         8.9451684952        34.8704605103     0.12661968171597                  1.0                    0         6.4764170647         2.2669279575          0 ellipse      [        2.3121232986         1.2514334917]         9.5626134872     0.25012114644051         21
    22       266.4014387510       -29.0122627386      3.141479567E-05      2.680043451E-05     (     4185.750,     4005.1136363636)     0.20104325014745     0.19607699272819        118        62.7347106934        10.1498231888        40.2652893066     0.13754740357399        62.7347106934        10.1498231888        40.2652893066     0.13754740357399                  1.0                    0         8.4727191925         2.2832272053          0 ellipse      [        4.7465386391         2.9497020245]       136.6187591553     0.54626983404160         22
    23       266.4119911481       -29.0116910218      3.082353862E-05      2.235751655E-05 (     4118.2264150943,     4009.3018867925)     0.19724248806688     0.16358589727952         61        30.3357295990         9.2750053406        55.6642723083     0.16037869453430        30.3357295990         9.2750053406        55.6642723083     0.16037869453430                  1.0                    0         3.5643203259         2.2536396980          0 ellipse      [        4.4771366119         3.3581876755]        24.3223381042     0.57351785898209         23
    24       266.4037546344        -29.010987920      1.772027775E-05      1.670767953E-05 (     4170.9318181818,     4014.4431818182)     0.11340368741185     0.12224014704634         73        82.8972015381        10.6777715683        31.1027984619     0.12168754637241        82.8972015381        10.6777715683        31.1027984619     0.12168754637241                  1.0                    0        12.4773244858         2.2658042908          0 ellipse      [        3.7972140312         2.7570240498]       128.0008239746     0.47600242495537         24
    25       266.4336264120       -29.0106199315      2.139660467E-05      2.270833251E-05 (     3979.7826086957,     4017.1304347826)     0.13689124378243     0.16617966711419         49        24.9409809113         7.4843311310        31.0590190887     0.12333795428276        24.9409809113         7.4843311310        31.0590190887     0.12333795428276                  1.0                    0         3.7562010288         2.3576190472          0 ellipse      [        2.7287576199         1.4660642147]       124.8512115479     0.28279003500938         25
    26       266.4243889133       -29.0105822002      2.349834438E-05      3.626874452E-05 (     4038.8933333333,     4017.4133333333)     0.15034577430652     0.26539251154691         59        42.2376708984         8.6611270905        32.7623291016     0.12295081466436        42.2376708984         8.6611270905        32.7623291016     0.12295081466436                  1.0                    0         6.2215013504         2.2915747166          0 ellipse      [        6.8958120346         3.9048402309]        90.9991073608     0.75481247901917         26
    27       266.3986896799       -29.0096257697      3.898366339E-05      3.090591554E-05      (     4203.343750,     4024.406250)     0.24949085524077     0.22610556172594         98        63.9148979187         9.7987298965        32.0851020813     0.12293761223555        63.9148979187         9.7987298965        32.0851020813     0.12293761223555                  1.0                    0         9.4967412949         2.2865660191          0 ellipse      [        7.7983198166         6.0940446854]       146.9726104736         1.0049589872         27
    28       266.4146625387       -29.0092074914      1.943470346E-05      1.597720719E-05 (     4101.1324786325,     4027.4743589744)     0.12436508065002     0.11690562499780        133       236.3155822754        21.9115753174       243.6844177246     0.34222102165222       236.3155822754        21.9115753174       243.6844177246     0.34222102165222                  1.0                    0        14.2064399719         2.2369096279          0 ellipse      [        5.8936963081         5.1594285965]        31.0796566010     0.82172214984894         28
    29       266.4156646055       -29.0082279440      1.177823339E-05        1.0470882E-05 (     4094.7201492537,     4034.6417910448)     0.07537047376218     0.07661638502395         96       353.0350036621        24.0022773743       222.9650115967     0.33057183027267       353.0350036621        24.0022773743       222.9650115967     0.33057183027267                  1.0                    0        22.1239986420         2.2353069782          0 ellipse      [        3.9027006626         3.5537874699]        50.0555458069     0.55535399913788         29
    30       266.4237301789       -29.0078077790      1.987399071E-05       1.80743089E-05 (     4043.1071428571,     4037.7142857143)     0.12716779163929     0.13226001425301         26        21.4151344299         6.7831692696        24.5848655701     0.10670805722475        21.4151344299         6.7831692696        24.5848655701     0.10670805722475                  1.0                    0         3.5494451523         2.2759940624          0 ellipse      [        2.1362581253         1.9798535109]        60.5694847107     0.30119726061821         30
    31        266.416857370       -29.0078761532      6.971342714E-06      5.970966026E-06 (     4087.0874418605,     4037.2158139535)     0.04461025708724     0.04369055018515        253      1250.9549560547        43.2238540649       617.0450439453     0.54901790618896      1250.9549560547        43.2238540649       617.0450439453     0.54901790618896                  1.0                    0        48.3825798035         2.2375512123          0 ellipse      [        4.5417628288         4.1345648766]        38.5751495361     0.64555448293686         31
    32       266.4373504707       -29.0076171845      1.719771467E-05      1.627192572E-05 (     3955.9482758621,     4039.0977011494)     0.11002925462253     0.11908332781513         66       130.0615844727        13.1916999817        43.9384117126     0.14476759731770       130.0615844727        13.1916999817        43.9384117126     0.14476759731770                  1.0                    0        16.9242191315         2.3810338974          0 ellipse      [        4.7572102547         4.3052086830]       108.7642669678     0.63355809450150         32
    33       266.4226884307       -29.0075063918      2.422371745E-05      1.941369852E-05     (     4049.7733333333,     4039.920)     0.15500346471617     0.14206101975333         65        57.9753456116        11.7914695740        81.0246505737     0.19684684276581        57.9753456116        11.7914695740        81.0246505737     0.19684684276581                  1.0                    0         5.7727499008         2.2687246799          0 ellipse      [        4.1716737747         3.5266325474]        29.2458362579     0.56354969739914         33
    34       266.4119803650       -29.0075158597       2.85386995E-05      2.464448047E-05 (     4118.2962962963,     4039.8518518519)     0.18262983173281     0.18032018354097         46        29.0892448425         8.8894939423        49.9107551575     0.15201367437840        29.0892448425         8.8894939423        49.9107551575     0.15201367437840                  1.0                    0         3.5834622383         2.2265205383          0 ellipse      [        4.0992941856         3.8997604847]       142.3943328857     0.59858465194702         34
    35       266.4155422063       -29.0067722170      1.330552936E-05      1.254603668E-05 (     4095.5033860045,     4045.2934537246)     0.08514512663396     0.09180037725537        114       418.1864929199        26.0216636658       258.8135070801     0.35629418492317       418.1864929199        26.0216636658       258.8135070801     0.35629418492317                  1.0                    0        24.4396667480         2.2316536903          0 ellipse      [        6.1459569931         4.9730696678]       124.4492721558     0.82576972246170         35
    36       266.4085964692       -29.0062582334      8.447168511E-06      6.607985146E-06 (     4139.9510204082,     4049.0530612245)     0.05405848482587     0.04834800337949         94       249.2784881592        17.4363269806        54.7215042114     0.15976725518703       249.2784881592        17.4363269806        54.7215042114     0.15976725518703                  1.0                    0        29.5076789856         2.2285745144          0 ellipse      [        2.5472083092         2.2604639530]        10.3567934036     0.35890755057335         36
    37       266.4158129455       -29.0057025378      7.944191566E-06      8.545980243E-06 (     4093.7708333333,     4053.1203703704)     0.05083706999858     0.06253174522772        155       567.1384887695        29.6167144775       309.8615112305     0.38705012202263       567.1384887695        29.6167144775       309.8615112305     0.38705012202263                  1.0                    0        30.4517383575         2.2314567566          0 ellipse      [        3.9176483154         3.1469254494]        99.3932800293     0.52450090646744         37
    38       266.4189562819       -29.0051829049       2.29250752E-05      1.812363536E-05 (     4073.6555555556,     4056.9222222222)     0.14670126789770     0.13261638520225         79        66.3364334106        14.3550548553       139.6635742188     0.25999873876572        66.3364334106        14.3550548553       139.6635742188     0.25999873876572                  1.0                    0         5.1625194550         2.2450594902          0 ellipse      [        4.2259387970         3.7174210548]       161.0417785645     0.58848226070404         38
    39       266.4070734830       -29.0004661779      3.693806474E-05      3.568907794E-05      (     4149.70,     4091.4333333333)     0.23640830968634     0.26112293117467         39        18.1713066101         5.4777297974        11.8286943436     0.07433387637138        18.1713066101         5.4777297974        11.8286943436     0.07433387637138                  1.0                    0         3.9966402054         2.2358653545          0 ellipse      [        4.5483036041         3.5795156956]        57.4688835144     0.60154753923416         39
    40       266.3895976722       -29.0006072974       3.23147525E-05      2.797288676E-05 (     4261.5384615385,     4090.3846153846)     0.20684684370281     0.20463451438809         56        15.8198251724         5.0995001793        10.1801748276     0.07001199573278        15.8198251724         5.0995001793        10.1801748276     0.07001199573278                  1.0                    0         3.6738331318         2.3861768246          0 ellipse      [        2.4749686718         1.9441850185]        136.301284790     0.30642893910408         40
    41       266.4468265680       -28.9999873903      4.575592601E-05      4.733468948E-05 (     3895.2941176471,     4094.9117647059)     0.29273029193155     0.34642925714434         55        18.9069557190         5.8315567970        15.0930433273     0.08398558199406        18.9069557190         5.8315567970        15.0930433273     0.08398558199406                  1.0                    0         3.7963244915         2.5324347019          0 ellipse      [        6.8680124283         3.9718897343]        54.7724304199     0.68747138977051         41
    42       266.3945795340       -29.0000632919      1.887669714E-05      2.215066329E-05 (     4229.6571428571,     4094.3714285714)      0.1208328725570     0.16205675138826         62        35.1379776001         6.7827115059        10.8620233536     0.07195738703012        35.1379776001         6.7827115059        10.8620233536     0.07195738703012                  1.0                    0         7.9720582962         2.3192570210          0 ellipse      [        3.0467154980         1.8945609331]        65.0921249390     0.34530282020569         42
    43       266.3812991608       -28.9986080230      4.974208514E-05      2.734588781E-05              (     4314.650,     4105.0)     0.31839440949898     0.19999999999982         59        18.1925792694         5.2919578552         9.8074207306     0.06940717995167        18.1925792694         5.2919578552         9.8074207306     0.06940717995167                  1.0                    0         4.2813940048         2.5945508480          0 ellipse      [        4.4241557121         2.4237053394]       161.8756103516     0.42069917917252         43
    44       266.4233852556       -28.9980296254      2.439106322E-05      2.257065087E-05 (     4045.3095238095,     4109.2619047619)     0.15608625747018     0.16516165313442         77        41.3311882019         8.0006694794        22.6688117981     0.10349513590336        41.3311882019         8.0006694794        22.6688117981     0.10349513590336                  1.0                    0         7.0781083107         2.2754123211          0 ellipse      [        3.5078859329         2.6861021519]        51.2519454956     0.44967901706696         44
    45       266.4323763079       -28.9964545421      2.832273861E-05      2.371389142E-05 (     3987.7671232877,     4120.7808219178)     0.18123711976432     0.17354231692570         75        60.4715690613         9.6961965561        33.5284309387     0.12738828361034        60.4715690613         9.6961965561        33.5284309387     0.12738828361034                  1.0                    0         8.8218126297         2.3336932659          0 ellipse      [        4.8726921082         4.1981077194]       143.5222930908     0.64602041244507         45
    46       266.4112372072       -28.9933050366      4.157838839E-05      3.265825805E-05 (     4123.0555555556,     4143.8333333333)     0.26611310857788     0.23895347964026         38        10.3140344620         4.2430715561         7.6859655380     0.06047461926937        10.3140344620         4.2430715561         7.6859655380     0.06047461926937                  1.0                    0         2.6415941715         2.2642836571          0 ellipse      [        3.7989909649         2.5079650879]       142.9190063477     0.45440468192101         46
    47       266.4352718524       -28.9932086995      2.387629058E-05      3.785608049E-05          (     3969.2320,     4144.5280)     0.15276355586320     0.27702141433474        194       159.6936798096        15.8127603531        90.3063201904     0.20833742618561       159.6936798096        15.8127603531        90.3063201904     0.20833742618561                  1.0                    0        15.1478347778         2.3799214363          0 ellipse      [       13.1802358627         7.1732773781]        95.3215866089         1.3618727922         47
    48       266.4168107148       -28.9922152637       3.70831288E-05      5.190762432E-05 (     4087.3846153846,     4151.8076923077)     0.23733269746390     0.37981471418880         78        26.4078655243         7.2119617462        25.5921344757     0.11132829636335        26.4078655243         7.2119617462        25.5921344757     0.11132829636335                  1.0                    0         4.3062438965         2.2808644772          0 ellipse      [        8.4980049133         4.6538338661]        72.2425613403     0.91905856132507         48
    49       266.4385656414       -28.9921665014      3.710410431E-05      2.605902228E-05            (     3948.150,     4152.150)     0.23743420141136     0.19072231122755         22        10.5777187347         4.4726352692         9.4222812653     0.06683891266584        10.5777187347         4.4726352692         9.4222812653     0.06683891266584                  1.0                    0         2.5248758793         2.4259836674          0 ellipse      [        3.2059190273         2.5331964493]        10.5906744003     0.39156293869019         49
    50       266.3902196046       -28.9922012888      3.565755435E-05      4.544895619E-05 (     4257.5714285714,     4151.8928571429)     0.22828425837997     0.33250474031593         53        18.5894718170         5.2919211388         9.4105291367     0.06657210737467        18.5894718170         5.2919211388         9.4105291367     0.06657210737467                  1.0                    0         4.4392147064         2.4259393215          0 ellipse      [        5.4014143944         3.4377818108]       105.9725646973     0.59209543466568         50
    51       266.3861214055       -28.9897724875      6.626042608E-05      4.363131733E-05 (     4283.8048780488,     4169.6585365854)     0.42416522236726     0.31914847310509         78        21.9404888153         6.4038391113        19.0595111847     0.09569197148085        21.9404888153         6.4038391113        19.0595111847     0.09569197148085                  1.0                    0         4.0251960754         2.5406265259          0 ellipse      [        9.5297212601         3.6274294853]        34.1139640808     0.77139621973038         51
    52       266.4345416133       -28.9884976319       3.55989344E-05      4.645268962E-05               (     3973.90,     4179.0)     0.22779132751020     0.33993463423940         44        18.5522212982         5.4777202606        11.4477787018     0.07361433655024        18.5522212982         5.4777202606        11.4477787018     0.07361433655024                  1.0                    0         4.1295690536         2.4137647152          0 ellipse      [        5.6964454651         3.5721852779]       104.5908966064     0.62294942140579         52
    53       266.4085726535       -28.9880356694      4.050471409E-05      3.063491429E-05 (     4140.1111111111,     4182.3888888889)     0.25925925925912     0.22414293401744         33        11.7609519958         4.2429871559         6.2390480042     0.05423132702708        11.7609519958         4.2429871559         6.2390480042     0.05423132702708                  1.0                    0         3.2277669907         2.3167982101          0 ellipse      [        3.3194239140         2.8300533295]        11.9812440872     0.44098031520844         53
    54       266.4188746986       -28.9879522776      3.920383324E-05      3.565116626E-05       (     4074.1739130435,     4183.0)     0.25091269249560     0.26086956521704         75        25.6521110535         6.9289722443        22.3478889465     0.10321975499392        25.6521110535         6.9289722443        22.3478889465     0.10321975499392                  1.0                    0         4.4181871414         2.3255472183          0 ellipse      [        3.9478991032         3.3960542679]        52.5431785583     0.52483636140823         54
    55       266.4257116491       -28.9865664111      5.778861902E-05      5.277894489E-05 (     4030.4137931034,     4193.1379310345)     0.36984182555761     0.38621963627702         66        17.5760154724         5.3856544495        11.4239854813     0.07261164486408        17.5760154724         5.3856544495        11.4239854813     0.07261164486408                  1.0                    0         3.9152438641         2.3569660187          0 ellipse      [        6.5369596481         5.6480736732]       126.3196105957     0.85933697223663         55
    56       266.4078930904       -28.9859809612      3.316281965E-05      3.729871164E-05 (     4144.4615384615,     4197.4230769231)     0.21227681792516     0.27290393720887        113        40.9520568848         8.0007009506        23.0479431152     0.10587275028229        40.9520568848         8.0007009506        23.0479431152     0.10587275028229                  1.0                    0         6.9666333199         2.3411066532          0 ellipse      [        4.1746397018         3.2471950054]        90.2216415405     0.52422922849655         56
    57       266.4425600127       -28.9850775816      1.602610951E-05      1.317368933E-05 (     3922.5735294118,     4204.0147058824)     0.10255426547019     0.09641642816769        119        82.4814682007        11.0462102890        39.5185356140     0.13701066374779        82.4814682007        11.0462102890        39.5185356140     0.13701066374779                  1.0                    0        11.2284612656         2.5833568573          0 ellipse      [        2.6027514935         2.3133416176]       150.8448333740     0.31661432981491         57
    58       266.3836501904       -28.9845786849      4.947214325E-05      3.022056884E-05 (     4299.6315789474,     4207.6578947368)     0.31671148870828     0.22104108926487         67        26.0259075165         6.1648836136        11.9740924835     0.07610607147217        26.0259075165         6.1648836136        11.9740924835     0.07610607147217                  1.0                    0         5.6985821724         2.7033774853          0 ellipse      [        5.9561190605         3.9419777393]       165.9763946533     0.59746271371841         58
    59       266.4200776019       -28.9839457502      3.744736165E-05      5.290760454E-05 (     4066.4736842105,     4212.3157894737)     0.23967222599822     0.38713831537279         32        11.7184534073         4.3592939377         7.2815465927     0.05868389084935        11.7184534073         4.3592939377         7.2815465927     0.05868389084935                  1.0                    0         3.0564575195         2.3645749092          0 ellipse      [        5.0737218857         3.1159057617]        94.8336868286     0.56050717830658         59
    60       266.4160404169       -28.9837390832      3.012461889E-05      5.105697529E-05 (     4092.3142857143,     4213.8285714286)     0.19281556619126     0.37358869511718         58        23.8619651794         5.9165239334        11.1380338669     0.07248279452324        23.8619651794         5.9165239334        11.1380338669     0.07248279452324                  1.0                    0         5.3647680283         2.3586785793          0 ellipse      [        6.6737093925         3.3371698856]        82.4652862549     0.66693389415741         60
    61       266.4308622687       -28.9835730419      6.304375705E-05      6.539748305E-05 (     3997.4444444444,     4215.0370370370)     0.40346011452766     0.47857092214326         83        17.8138675690         5.1965641975         9.1861324310     0.06540326029062        17.8138675690         5.1965641975         9.1861324310     0.06540326029062                  1.0                    0         4.2902617455         2.4378671646          0 ellipse      [        8.2689886093         5.1801257133]       123.5996932983     0.89488053321838         61
    62       266.4174956184       -28.9834998503      5.200640243E-05      3.848775429E-05       (     4083.0,     4215.5789473684)     0.33287133264912     0.28162360170973         36        11.7143917084         4.3593034744         7.2856082916     0.05938329547644        11.7143917084         4.3593034744         7.2856082916     0.05938329547644                  1.0                    0         3.0548274517         2.3644051552          0 ellipse      [        5.1091804504         2.5310020447]       142.9328613281     0.50696587562561         62
    63       266.3989561352       -28.9821202134      2.405004147E-05       2.10441327E-05 (     4201.6666666667,     4225.6666666667)     0.15396007178333     0.15396007178333         47        16.5826969147         5.0003991127         8.4173030853     0.06318601220846        16.5826969147         5.0003991127         8.4173030853     0.06318601220846                  1.0                    0         4.1171064377         2.4592967033          0 ellipse      [        2.0493900776         1.4832396507]        33.6900672913     0.23631201684475         63
    64       266.4191186260       -28.9811644938      4.276661451E-05      2.400870941E-05 (     4072.6111111111,     4232.6666666667)     0.27373602776061      0.1756820922310         32        11.1110887527         4.2430238724         6.8889112473     0.05701809749007        11.1110887527         4.2430238724         6.8889112473     0.05701809749007                  1.0                    0         2.9520478249         2.4092569351          0 ellipse      [        3.5367815495         2.1517586708]       167.4854583740     0.38167744874954         64
    65       266.4030398567       -28.9799205830      4.523619577E-05       4.18226032E-05 (     4175.5294117647,     4241.7647058824)     0.28958444225464     0.30598880234447         38        11.1354541779         4.1234412193         5.8645458221     0.05262076854706        11.1354541779         4.1234412193         5.8645458221     0.05262076854706                  1.0                    0         3.1175365448         2.4641177654          0 ellipse      [        4.0334253311         3.2995741367]       126.9362106323     0.49349555373192         65
    66       266.4141626879       -28.9792967622      3.983091437E-05      4.046835503E-05 (     4104.3333333333,     4246.3333333333)     0.25495838736879     0.29610727152703         44        14.1439123154         4.5829277039         6.8560872078     0.05679167062044        14.1439123154         4.5829277039         6.8560872078     0.05679167062044                  1.0                    0         3.7637674809         2.4351046085          0 ellipse      [        4.5016407967         2.9312748909]        55.7704887390      0.4972500205040         66
    67       266.4311366529       -28.9781647393      3.384543601E-05      2.783609516E-05 (     3995.6829268293,     4254.6097560976)     0.21661784086973     0.20370759969956         57        34.9339065552         6.4033493996         6.0660924911     0.05370330810547        34.9339065552         6.4033493996         6.0660924911     0.05370330810547                  1.0                    0         9.6749334335         2.5307190418          0 ellipse      [        4.5642218590         3.4343683720]       141.4006347656     0.52148479223251         67
    68       266.3878335272       -28.9781277379      2.894585356E-05      6.425914351E-05 (     4272.8666666667,     4254.8666666667)     0.18539247657463     0.47014576147922         36        11.6049633026         3.8731954098         3.3950366974     0.04052977636456        11.6049633026         3.8731954098         3.3950366974     0.04052977636456                  1.0                    0         3.8225319386         2.7558372021          0 ellipse      [        5.5915274620         1.7929925919]       103.0267486572     0.38298314809799         68
    69       266.4045124101       -28.9776659213      4.779131649E-05      3.919352954E-05 (     4166.1052631579,     4258.2631578947)     0.30594059896430     0.28675377938180         45        11.9930200577         4.3592824936         7.0069804192     0.05784329771996        11.9930200577         4.3592824936         7.0069804192     0.05784329771996                  1.0                    0         3.1684517860         2.4936501980          0 ellipse      [        4.4847860336         3.1548655033]       140.5171051025     0.50281071662903         69
    70       266.3880349461       -28.9772032410      0.0001048445883      4.575246508E-05 (     4271.5789473684,     4261.6315789474)     0.67119519424250     0.33461870073188         74        13.3855447769         4.3592047691         5.6144556999     0.05163170769811        13.3855447769         4.3592047691         5.6144556999     0.05163170769811                  1.0                    0         3.7997026443         2.7846581936          0 ellipse      [        8.8320722580         4.2634868622]       172.6865539551     0.73454874753952         70
    71       266.4396853473       -28.9746457994       1.52795713E-05      1.262855313E-05 (     3940.9573643411,     4280.3488372093)     0.09778901605705      0.0924241569810        137       282.4626464844        17.5217685699        24.5373516083     0.11137361079454       282.4626464844        17.5217685699        24.5373516083     0.11137361079454                  1.0                    0        46.8533592224         2.7712419033          0 ellipse      [        4.7910609245         4.3686780930]        26.1165103912     0.55029451847076         71
    72       266.4386954936       -28.9746513465      1.499132605E-05      1.482702856E-05 (     3947.2936507937,     4280.3095238095)     0.09594148999986     0.10850938408294         80       146.6507415771        12.6493682861        13.3492574692     0.08074250817299       146.6507415771        12.6493682861        13.3492574692     0.08074250817299                  1.0                    0        30.8420391083         2.7520666122          0 ellipse      [        3.6540935040         3.2307662964]        90.6352767944     0.41616198420525         72
    73       266.4158662845       -28.9744223233      4.151432512E-05      4.870078689E-05       (     4093.4285714286,     4282.0)     0.26574183652519     0.35634832254982         46        13.8426580429         4.5829472542         7.1573414803     0.05836983397603        13.8426580429         4.5829472542         7.1573414803     0.05836983397603                  1.0                    0         3.6313378811         2.5398221016          0 ellipse      [        5.0780491829         3.4000520706]       110.7553405762     0.54533916711807         73
    74       266.4252201488       -28.9735736908      3.195024374E-05      3.008435869E-05 (     4033.5517241379,     4288.2068965517)     0.20450460368602     0.22014647780088         72        30.4964065552         6.5578861237        12.5035943985     0.07660534232855        30.4964065552         6.5578861237        12.5035943985     0.07660534232855                  1.0                    0         6.5717239380         2.6077156067          0 ellipse      [        4.2596874237         2.3280608654]       131.0848693848     0.40253582596779         74
    75       266.4271843710       -28.9716312674      2.268342729E-05      2.301929675E-05 (     4020.9767441860,     4302.4186046512)     0.14518920384762     0.16844838994530        106        46.4225730896         8.0005302429        17.5774269104     0.09212522953749        46.4225730896         8.0005302429        17.5774269104     0.09212522953749                  1.0                    0         8.7903985977         2.6911926270          0 ellipse      [        3.5961158276         2.4913740158]       122.5892562866      0.3707407116890         75
    76       266.4259963811       -28.9713834589        3.8872294E-05      4.283611315E-05 (     4028.5813953488,     4304.2325581395)     0.24881016618883     0.31345733284707         73        31.1359424591         6.5578622818        11.8640575409     0.07454096525908        31.1359424591         6.5578622818        11.8640575409     0.07454096525908                  1.0                    0         6.8406176567         2.6898062229          0 ellipse      [        6.6585707664         4.2007293701]        60.9030075073     0.65540629625320         76
    77       266.4229687547       -28.9708197853      1.815222123E-05      1.416698743E-05 (     4047.9622641509,     4308.3584905660)     0.11619413957351     0.10366835015066         56        51.5449333191         7.7462229729         8.4550666809     0.06298875063658        51.5449333191         7.7462229729         8.4550666809     0.06298875063658                  1.0                    0        12.7776699066         2.6841964722          0 ellipse      [        2.5584945679         2.2406470776]       164.7245178223     0.29733321070671         77
    78       266.4295421775       -28.9703778585      3.873790172E-05      5.690861146E-05 (     4005.8823529412,     4311.5882352941)     0.24793057602301     0.41643422514335         50        12.0168542862         4.1233882904         4.9831457138     0.04826682433486        12.0168542862         4.1233882904         4.9831457138     0.04826682433486                  1.0                    0         3.5402009487         2.7491323948          0 ellipse      [        5.1584920883         3.0541245937]        86.1685638428     0.48126894235611         78
    79       266.3990622172       -28.9699113397      5.635238421E-05      5.947629109E-05                (     4201.0,     4315.0)     0.36080121229406     0.43514263457655         50        10.2215404510         3.6057446003         2.7784597874     0.03733767569065        10.2215404510         3.6057446003         2.7784597874     0.03733767569065                  1.0                    0         3.5510947704         2.8035118580          0 ellipse      [        5.6827807426         2.2562401295]       127.6282196045     0.42574489116669         79
    80       266.4103171706       -29.0268293364      4.721488654E-05      3.425438086E-05 (     4128.9333333333,     3898.5333333333)     0.30209147498590     0.25062883875353         95        36.1361351013         7.8747854233        25.8638629913     0.11065637320280        36.1361351013         7.8747854233        25.8638629913     0.11065637320280                  1.0                    0         5.8673391342         2.4817273617          0 ellipse      [        6.3406271935         4.7113103867]        25.1135101318     0.73411083221436         80
    81       266.4077112619       -29.0242663886      5.600520416E-05      4.725380113E-05 (     4145.6071428571,     3917.2857142857)     0.35835254316044     0.34573621114487         52        16.4132747650         5.2920122147        11.5867242813     0.07342686504126        16.4132747650         5.2920122147        11.5867242813     0.07342686504126                  1.0                    0         3.6373980045         2.4181990623          0 ellipse      [        6.1418037415         4.9761090279]       139.9731140137     0.76204323768616         81
    82       266.3866507735       -29.0196372952      5.729958787E-05      5.293965124E-05 (     4280.3636363636,     3951.1363636364)     0.36672244185684     0.38727408528075         90        23.4630241394         5.7449617386         9.5369758606     0.06770380586386        23.4630241394         5.7449617386         9.5369758606     0.06770380586386                  1.0                    0         5.5766992569         2.6185853481          0 ellipse      [        5.5700302124         5.0298252106]        61.1999206543     0.67377865314484         82
    83       266.4137454526       -29.0189642562      4.959300037E-05       3.77016716E-05       (     4107.0,     3956.0833333333)     0.31732387941065     0.27586144536144         56        21.1938114166         6.5581970215        21.8061885834     0.09974734485149        21.1938114166         6.5581970215        21.8061885834     0.09974734485149                  1.0                    0         3.6863062382         2.3216311932          0 ellipse      [        4.9644174576         3.6799535751]        30.7076396942     0.61367839574814         83
    84       266.3993842229       -29.0177239102      5.020791599E-05      5.231055668E-05 (     4198.8913043478,     3965.1521739130)     0.32131032069174     0.38271662423449         83        26.2192726135         6.7830095291        19.7807273865     0.09600026160479        26.2192726135         6.7830095291        19.7807273865     0.09600026160479                  1.0                    0         4.7403492928         2.3610100746          0 ellipse      [        8.8607692719         4.9867501259]       125.2552871704     0.93848085403442         84
    85       266.3831641380       -29.0150519637      6.539000844E-05      4.844335584E-05 (     4302.6818181818,     3984.6818181818)     0.41850957332008     0.35434938422532         60        15.4251375198         4.6907553673         6.5748620033     0.05645284056664        15.4251375198         4.6907553673         6.5748620033     0.05645284056664                  1.0                    0         4.1617031097         2.6147346497          0 ellipse      [        7.0782465935         3.0724174976]       141.9863433838     0.59450304508209         85
    86       266.4200341113       -29.0067721850      2.926632561E-05      1.749250119E-05 (     4066.7586206897,     4045.2931034483)     0.18727715598470     0.12800125667945         60        60.7292785645        13.1929826736       113.2707214355     0.23410208523273        60.7292785645        13.1929826736       113.2707214355     0.23410208523273                  1.0                    0         5.2002935410         2.2507202625          0 ellipse      [        7.4769544601         4.967584610]        10.2087926865     0.90259355306625         86
    87       266.4332915981       -29.0056204080      3.040418653E-05      2.886841496E-05 (     3981.9195402299,     4053.7126436782)     0.19453383123619     0.21126177000951        121        66.5522918701        12.5715703964        91.4477081299     0.21064621210098        66.5522918701        12.5715703964        91.4477081299     0.21064621210098                  1.0                    0         6.2773547173         2.3284306526          0 ellipse      [        5.9427328110         5.4094185829]       104.3043289185     0.81167811155319         87
    88       266.3952026288       -29.0023724022       7.23936954E-05      2.703099445E-05 (     4225.6666666667,     4077.4761904762)     0.46331807997831     0.19770850091390         42        11.6515035629         4.5830669403         9.3484964371     0.06711624562740        11.6515035629         4.5830669403         9.3484964371     0.06711624562740                  1.0                    0         2.7889001369         2.3102362156          0 ellipse      [        6.3776988983         2.6989150047]         3.1932988167     0.59861689805984         88
    89       266.3990359804       -29.0011189595      6.244326227E-05      4.727164989E-05 (     4201.1363636364,     4086.6515151515)     0.39965915438734     0.34583473513112        118        39.2489242554         8.1248130798        26.7510738373     0.11218342185020        39.2489242554         8.1248130798        26.7510738373     0.11218342185020                  1.0                    0         6.2857146263         2.2766809464          0 ellipse      [       11.2633609772         6.2496542931]       142.8752899170         1.2283965349         89
    90       266.4357512117       -28.9998313626      3.739138833E-05      3.645636689E-05 (     3966.1724137931,     4096.0689655172)     0.23924656567033     0.26679510895337         75        34.5741767883         8.5450716019        38.4258232117     0.13508702814579        34.5741767883         8.5450716019        38.4258232117     0.13508702814579                  1.0                    0         4.7629003525         2.3531153202          0 ellipse      [        4.3682656288         3.7994074821]        70.7731475830     0.57709592580795         90
    91       266.4339612106       -28.9973746396      2.549656949E-05      3.800807545E-05       (     3977.6250,     4114.0468750)     0.16312978920178     0.27813350364431         49        35.6821022034         8.0008687973        28.3178977966     0.11791233718395        35.6821022034         8.0008687973        28.3178977966     0.11791233718395                  1.0                    0         5.5827732086         2.3392693996          0 ellipse      [        6.7721896172         3.7448530197]       101.6769180298     0.71759670972824         91
    92       266.4473484987       -28.9951893452      4.620486885E-05      4.490613899E-05 (     3891.9444444444,     4130.0185185185)     0.29562037099868     0.32866143780575         82        26.9713935852         7.3493595123        27.0286064148     0.11438101530075        26.9713935852         7.3493595123        27.0286064148     0.11438101530075                  1.0                    0         4.3012862206         2.5687024593          0 ellipse      [        7.3555645943         6.3925585747]       110.3919219971     0.88983666896820         92
    93       266.4235602576       -28.9926212695      4.807476398E-05       5.19467404E-05 (     4044.1868131868,     4148.8351648352)     0.30765780336833     0.38011932112022        140        50.6767196655         9.5403842926        40.3232803345     0.13758270442486        50.6767196655         9.5403842926        40.3232803345     0.13758270442486                  1.0                    0         6.8400306702         2.3035464287          0 ellipse      [       11.4241456985         8.0838012695]        64.3916931152         1.3905975819         93
    94       266.4241078848       -28.9817308211      5.685623609E-05       4.40470713E-05 (     4040.6760563380,     4228.5211267606)     0.36390106141425     0.32232243115322        108        42.3671607971         8.4269714355        28.6328392029     0.11766239255667        42.3671607971         8.4269714355        28.6328392029     0.11766239255667                  1.0                    0         6.5986356735         2.4203641415          0 ellipse      [       11.3641586304         4.6756443977]       139.8923034668         1.0038928986         94
    95       266.4029505939       -28.9740908751      6.668448486E-05      4.354096757E-05 (     4176.1052631579,     4284.4210526316)     0.42689847665952     0.31854751271931         50        12.1754732132         4.3592715263          6.824526310     0.05699548870325        12.1754732132         4.3592715263          6.824526310     0.05699548870325                  1.0                    0         3.2449016571         2.6179268360          0 ellipse      [        5.6300320625         4.1009721756]       169.0814666748     0.61181497573853         95
    96       266.4051300781       -28.9740434736      3.740927673E-05      2.182217733E-05 (     4162.1538461538,     4284.7692307692)     0.23948054846005     0.15965369897367         70        13.9249496460         4.7962799072         9.0750503540     0.06557543575764        13.9249496460         4.7962799072         9.0750503540     0.06557543575764                  1.0                    0         3.3679938316         2.5953145027          0 ellipse      [        2.5974934101         1.7161980867]       174.3450317383     0.27117502689362         96
    97       266.4239925323       -28.9686010640      4.927528568E-05        7.8170409E-05 (     4041.4074074074,     4324.5925925926)     0.31539927994027     0.57200165774066         92        15.6927909851         5.1967692375        11.3072090149     0.08006718754768        15.6927909851         5.1967692375        11.3072090149     0.08006718754768                  1.0                    0         3.5088474751         2.7691671848          0 ellipse      [        9.0514163971         4.6637825966]        78.4269409180     0.78209048509598         97
    98       266.4144985260       -29.0126951981      2.587922893E-05      1.858941419E-05 (     4102.1818181818,     4001.9545454545)     0.16559888355005     0.13601884785658         43        30.5846405029         9.1665420532        53.4153594971     0.15968626737595        30.5846405029         9.1665420532        53.4153594971     0.15968626737595                  1.0                    0         3.6585760117         2.2615771294          0 ellipse      [        2.3308534622         1.9131379128]         2.4067754745     0.31124183535576         98
    99       266.4360676714       -29.0108534275      3.642583584E-05      3.102684801E-05 (     3964.1612903226,     4015.4193548387)     0.23304871781966     0.22706650067812         42        22.9313888550         6.8564977646        24.0686111450     0.10752128064632        22.9313888550         6.8564977646        24.0686111450     0.10752128064632                  1.0                    0         3.8335087299         2.3793690205          0 ellipse      [        3.9074053764         3.7775871754]       160.1660766602     0.53823065757751         99
   100       266.4018274308       -29.0077500864      3.113431131E-05      2.842823649E-05 (     4183.2666666667,     4038.1333333333)     0.19925788241289     0.20798860367631         63        29.0698490143         8.0010509491        34.9301528931     0.12968221306801        29.0698490143         8.0010509491        34.9301528931     0.12968221306801                  1.0                    0         4.1687440872         2.2573506832          0 ellipse      [        2.8862721920         1.6939399242]       132.4787750244     0.32651066780090        100
   101       266.4228123085       -29.0043549656      3.001278219E-05       2.86096314E-05 (     4048.9791666667,     4062.9791666667)     0.19205030295689     0.20935081397101         62        32.0664443970         9.6451539993        60.9335556030     0.17025493085384        32.0664443970         9.6451539993        60.9335556030     0.17025493085384                  1.0                    0         3.6217358112         2.2604634762          0 ellipse      [        4.4699788094         3.8582997322]        63.0395278931     0.61239546537399        101
   102       266.4375994466       -28.9977504968      4.091609742E-05      3.565960362E-05 (     3954.3414634146,     4111.2926829268)     0.26180573717647     0.26097310789555         40        15.8868503571         6.4040837288        25.1131496429     0.11085195094347        15.8868503571         6.4040837288        25.1131496429     0.11085195094347                  1.0                    0         2.6105718613         2.3809869289          0 ellipse      [        5.3370432854         4.6839647293]        44.2968368530     0.69996917247772        102
   103       266.4415747451       -28.9925262716      5.301959254E-05        4.4810426E-05 (     3928.8918918919,     4149.5135135135)     0.33925924501818     0.32795628889198         56        15.5451412201         6.0835928917        21.4548587799      0.1005112901330        15.5451412201         6.0835928917        21.4548587799      0.1005112901330                  1.0                    0         2.7213914394         2.4567339420          0 ellipse      [        6.8655910492         5.1968097687]        41.4166030884     0.81045329570770        103
   104       266.4215580264       -28.9891681646      6.846035097E-05      3.863772157E-05       (     4057.0,     4174.1025641026)     0.43815403822146     0.28273779340998         68        16.8613033295         6.2458505630        22.1386966705     0.10318344086409        16.8613033295         6.2458505630        22.1386966705     0.10318344086409                  1.0                    0         2.9150557518         2.3196578026          0 ellipse      [        8.2272100449         5.2684726715]         175.00781250     0.94607043266296        104
   105       266.4385491945       -28.9884970045      4.580983733E-05      3.415882097E-05              (     3948.250,     4179.0)     0.29315098498910                0.250         46        12.7149305344         5.4779686928        17.2850685120     0.09021767228842        12.7149305344         5.4779686928        17.2850685120     0.09021767228842                  1.0                    0         2.4233818054         2.4527983665          0 ellipse      [        2.9702897072         1.3656059504]        37.9818801880     0.27370265126228        105
   106       266.4397794038       -28.9840996871      4.764750628E-05      4.664756115E-05 (     3940.3695652174,     4211.1739130435)     0.30490429818383     0.34138651437752         61        21.4895114899         6.7831969261        24.5104885101     0.10844082385302        21.4895114899         6.7831969261        24.5104885101     0.10844082385302                  1.0                    0         3.5661430359         2.5446653366          0 ellipse      [        8.459818840         3.8947632313]       130.0166625977     0.75191563367844        106
   107       266.3858256222       -28.9808619481      6.909203671E-05      4.720166486E-05 (     4285.7142857143,     4234.8571428571)     0.44233382876246     0.34526741606624         62        12.9282798767         4.5829954147         8.0717201233     0.06204133108258        12.9282798767         4.5829954147         8.0717201233     0.06204133108258                  1.0                    0         3.2563805580         2.7307100296          0 ellipse      [        6.4486236572         4.2338466644]       153.8204498291     0.63782894611359        107
   108         266.42385760       -28.9775088398      4.303067942E-05      4.920652919E-05 (     4042.2758620690,     4259.4137931034)     0.27541581027117     0.36006751044624         53        15.6512374878         5.3857688904        13.3487625122     0.08066978305578        15.6512374878         5.3857688904        13.3487625122     0.08066978305578                  1.0                    0         3.2916491032         2.4837522507          0 ellipse      [        6.1500821114         3.9765107632]       115.1828155518     0.66368502378464        108
