 
--------------------------------------------------------------------------------
Data for Table Block SRCLIST
--------------------------------------------------------------------------------
 
ROW    RA                   DEC                  RA_ERR               DEC_ERR              POS(X,Y)                                 X_ERR                Y_ERR                NPIXSOU    NET_COUNTS           NET_COUNTS_ERR       BKG_COUNTS           BKG_COUNTS_ERR       NET_RATE             NET_RATE_ERR         BKG_RATE             BKG_RATE_ERR         EXPTIME              EXPTIME_ERR          SRC_SIGNIFICANCE     PSF_SIZE             MULTI_CORREL_MAX SHAPE        R[2]                                     ROTANG               PSFRATIO             COMPONENT
 
     1       266.4102539033       -29.0285264015      6.849413091E-05      4.070621854E-05       (     4122.0,     3928.8888888889)     0.43822813208135     0.29783550819320         63        17.2107524872         5.1966061592         9.7892475128     0.06866799294949        17.2107524872         5.1966061592         9.7892475128     0.06866799294949                  1.0                    0         4.0530023575         2.3849904537          0 ellipse      [        7.2573866844         3.9436736107]        23.7131671906     0.74770915508270          1
     2       266.4084253081       -29.0261673170      6.063233383E-05      4.242986014E-05             (     4133.70,     3946.150)     0.38794329482516     0.31044323152537         43        13.1572093964         4.4725046158         6.8427910805     0.05743630230427        13.1572093964         4.4725046158         6.8427910805     0.05743630230427                  1.0                    0         3.5034489632         2.3526616096          0 ellipse      [        5.2048254013         4.1650080681]       179.7353668213     0.65967541933060          2
     3       266.3986563729       -29.0260928634      6.480704769E-06      6.478128203E-06 (     4196.2020725389,     3946.6891191710)     0.04147006853327     0.04739547211966        229       457.3667907715        21.9775505066        25.6331939697     0.11266396194696       457.3667907715        21.9775505066        25.6331939697     0.11266396194696                  1.0                    0        74.5327072144         2.3929162025          0 ellipse      [        2.8025896549         2.4338679314]        80.6691589355     0.36381408572197          3
     4       266.4174029112       -29.0081866293      4.196337841E-06      3.762275163E-06 (     4076.2574499267,     4077.7166585247)     0.02685225727691     0.02752956123504        246      2079.2392578125        47.8654899597       211.7608337402     0.32429742813110      2079.2392578125        47.8654899597       211.7608337402     0.32429742813110                  1.0                    0       133.4749298096         2.2443983555          0 ellipse      [        3.9108622074         3.4570665359]        50.8548011780     0.54609590768814          4
     5       266.4086665773       -29.0061312975      1.823412629E-05      1.651580975E-05 (     4132.1632653061,     4092.7551020408)     0.11669093933597     0.12084187624532        115        60.1427230835         8.6606616974        14.8572778702     0.08402589708567        60.1427230835         8.6606616974        14.8572778702     0.08402589708567                  1.0                    0        12.1485605240         2.2276082039          0 ellipse      [        2.8717634678         2.0488507748]        48.0822372437     0.36296892166138          5
     6       266.4159843230       -29.0058159738      2.177421902E-05      2.358819057E-05 (     4085.3349514563,     4095.0631067961)     0.13933716193424     0.17259856099827        150       176.3244323730        16.5241394043        96.6755599976     0.21728309988976       176.3244323730        16.5241394043        96.6755599976     0.21728309988976                  1.0                    0        16.2205448151         2.2427871227          0 ellipse      [        7.5234184265         5.8842539787]        75.5381622314     0.98888093233109          6
     7       266.4234391307       -28.9980428382      5.382800526E-05       4.90412457E-05         (     4037.6250,     4151.93750)     0.34445949507881     0.35886512743309         70        19.7189369202         5.6573672295        12.2810621262     0.07619495689869        19.7189369202         5.6573672295        12.2810621262     0.07619495689869                  1.0                    0         4.2775602341         2.3137569427          0 ellipse      [        6.2644457817         5.6584835052]       123.0895233154     0.85773348808289          7
     8       266.4161664743       -28.9836504304      6.596044415E-05      4.590914789E-05     (     4084.1666666667,     4257.250)     0.42218567093278     0.33592740617951         46        10.0646924973         3.4642350674         1.9353075027     0.03042016364634        10.0646924973         3.4642350674         1.9353075027     0.03042016364634                  1.0                    0         3.8142750263         2.4655175209          0 ellipse      [        4.6624383926         3.1143488884]        27.0409851074     0.51518219709396          8
     9       266.4310249262       -28.9835212769       6.83175345E-05      5.563541829E-05        (     3989.06250,     4258.18750)     0.43722089311359     0.40715044440003         83        13.6371746063         4.0001416206         2.3628251553     0.03366999700665        13.6371746063         4.0001416206         2.3628251553     0.03366999700665                  1.0                    0         4.9332838058         2.5666694641          0 ellipse      [        5.8035268784         4.2092175484]        38.3797416687     0.64188241958618          9
    10       266.4167181212       -29.0299072045        5.3792926E-05      3.431477548E-05 (     4080.6428571429,     3918.7857142857)     0.34415146844958     0.25109091427294         37        10.6634063721         3.7418677807         3.3365931511     0.03968122601509        10.6634063721         3.7418677807         3.3365931511     0.03968122601509                  1.0                    0         3.5291385651         2.4032266140          0 ellipse      [        3.9297993183         2.7247064114]       165.2496337891     0.45386746525764         10
