 
--------------------------------------------------------------------------------
Data for Table Block SRCLIST
--------------------------------------------------------------------------------
 
ROW    RA                   DEC                  RA_ERR               DEC_ERR              POS(X,Y)                                 X_ERR                Y_ERR                NPIXSOU    NET_COUNTS           NET_COUNTS_ERR       BKG_COUNTS           BKG_COUNTS_ERR       NET_RATE             NET_RATE_ERR         BKG_RATE             BKG_RATE_ERR         EXPTIME              EXPTIME_ERR          SRC_SIGNIFICANCE     PSF_SIZE             MULTI_CORREL_MAX SHAPE        R[2]                                     ROTANG               PSFRATIO             COMPONENT
 
     1       266.4127921637       -29.0220773774      6.501019465E-05      5.132851812E-05 (     4142.7333333333,     3997.5333333333)     0.41597720735263     0.37554898087592         54        11.2427635193         3.8732106686         3.7572364807     0.04196450486779        11.2427635193         3.8732106686         3.7572364807     0.04196450486779                  1.0                    0         3.5999591351         2.3453626633          0 ellipse      [        5.5643477440         3.3820161819]       141.3917236328     0.61654347181320          1
     2       266.4172746422       -29.0082262191      4.458316596E-06       3.92818113E-06 (     4114.0554926387,     4098.8844847112)     0.02853009148748      0.0287421257990        247      1799.0302734375        44.5655899048       186.9697875977     0.30308651924133      1799.0302734375        44.5655899048       186.9697875977     0.30308651924133                  1.0                    0       122.3739624023         2.2420401573          0 ellipse      [        4.0371217728         3.1255424023]        45.8469734192     0.52812165021896          2
     3       266.4155976182       -29.0081483814      2.768455818E-05      2.545995957E-05 (     4124.7870370370,     4099.4537037037)     0.17716470578944     0.18628573862861         59        66.0470657349        10.3933095932        41.9529342651     0.14450344443321        66.0470657349        10.3933095932        41.9529342651     0.14450344443321                  1.0                    0         8.7656631470         2.2457618713          0 ellipse      [        5.8811230659         5.4453272820]        65.3764190674     0.83995723724365          3
     4       266.4085472605       -29.0061567189      3.750340068E-05      2.855222961E-05 (     4169.9047619048,     4114.0238095238)     0.24001493672768     0.20889541926135         62        33.5500297546         6.4810447693         8.4499711990     0.06277573108673        33.5500297546         6.4810447693         8.4499711990     0.06277573108673                  1.0                    0         8.3185768127         2.2748215199          0 ellipse      [        5.0860943794         3.5216548443]       146.5437164307     0.62015038728714          4
     5       266.4157526370       -29.0059818280      1.996109273E-05      2.333440372E-05 (     4123.7956204380,     4115.3065693431)      0.1277429346510     0.17073491808605        137       158.1510467529        15.5254764557        82.8489456177     0.20101515948772       158.1510467529        15.5254764557        82.8489456177     0.20101515948772                  1.0                    0        15.5917596817         2.2387545109          0 ellipse      [        6.0215606689         4.450132370]        97.9747619629     0.77074950933456          5
     6       266.4177913397       -29.0014796082      3.654140755E-05      3.196059681E-05            (     4110.750,     4148.250)     0.23385358667292     0.23385358667292         38         9.2197780609         4.3594307899         9.7802219391     0.06810672581196         9.2197780609         4.3594307899         9.7802219391     0.06810672581196                  1.0                    0         2.1718993187         2.2264721394          0 ellipse      [        2.5980761051         1.0606601238]                 45.0     0.24852813780308          6
     7       266.4074410261       -28.9854362396      7.241571211E-05      5.899960216E-05       (     4177.0,     4265.6363636364)     0.46354722850811     0.43165503660111         40         8.0308532715         3.3168416023         2.9691467285     0.03791671991348         8.0308532715         3.3168416023         2.9691467285     0.03791671991348                  1.0                    0         2.7423009872         2.4352881908          0 ellipse      [        5.2304425240         3.5158898830]       140.4320373535     0.58696907758713          7
     8       266.4174245743       -28.9836651032      4.103626895E-05      0.0001162879638              (     4113.10,     4278.60)     0.26267851073135     0.85088189544695         64         7.8982777596         3.1624367237         2.1017222404     0.03172508999705         7.8982777596         3.1624367237         2.1017222404     0.03172508999705                  1.0                    0         2.9375777245         2.4065258503          0 ellipse      [        8.1087961197         2.3701102734]        95.6970062256     0.60722643136978          8
