 
--------------------------------------------------------------------------------
Data for Table Block SRCLIST
--------------------------------------------------------------------------------
 
ROW    RA                   DEC                  RA_ERR               DEC_ERR              POS(X,Y)                                 X_ERR                Y_ERR                NPIXSOU    NET_COUNTS           NET_COUNTS_ERR       BKG_COUNTS           BKG_COUNTS_ERR       NET_RATE             NET_RATE_ERR         BKG_RATE             BKG_RATE_ERR         EXPTIME              EXPTIME_ERR          SRC_SIGNIFICANCE     PSF_SIZE             MULTI_CORREL_MAX SHAPE        R[2]                                     ROTANG               PSFRATIO             COMPONENT
 
     1       266.4068466850       -29.0288611959      5.623180493E-05      5.557565175E-05 (     4186.5263157895,     3970.7368421053)     0.35981236301723     0.40660819355298         62        13.8446798325         4.3591756821         5.1553201675     0.04912622272968        13.8446798325         4.3591756821         5.1553201675     0.04912622272968                  1.0                    0         4.0362482071         2.4355120659          0 ellipse      [        5.8396868706         4.0383195877]        55.0807151794     0.66463559865952          1
     2       266.4081441694       -29.0262162693      4.009793588E-05      4.205310289E-05 (     4178.2272727273,     3990.0909090909)     0.25658129204749     0.30767785899161         70        22.2643508911         5.3854613304         6.7356491089     0.05649817362428        22.2643508911         5.3854613304         6.7356491089     0.05649817362428                  1.0                    0         5.9594225883         2.3889341354          0 ellipse      [        4.3491692543         3.5865933895]        99.6907196045     0.55108523368835          2
     3       266.4088530328       -29.0154320925      4.966204006E-05      4.322223884E-05               (     4173.70,     4069.0)     0.31780497164164     0.31622776601671         29         6.5653309822         3.1625313759         3.4346687794     0.04006584733725         6.5653309822         3.1625313759         3.4346687794     0.04006584733725                  1.0                    0         2.1556446552         2.3043124676          0 ellipse      [        3.1537475586         2.8537476063]       136.4311981201     0.43396893143654          3
     4       266.4205364908       -29.0099981210       2.67541626E-05      2.901865341E-05 (     4098.9411764706,     4108.7647058824)     0.17120161767252     0.21233103817849         63        29.7221126556         7.6820425987        29.2778873444     0.11738405376673        29.7221126556         7.6820425987        29.2778873444     0.11738405376673                  1.0                    0         4.5869083405         2.2344269753          0 ellipse      [        3.7519659996         2.9474492073]        76.7914962769     0.49609538912773          4
     5       266.4144757353       -29.0088427676      2.985311801E-05      2.936218122E-05 (     4137.7246376812,     4117.2173913043)     0.19104512297690     0.21483478919527         70        45.0496406555         9.4350900650        43.9503593445     0.14467400312424        45.0496406555         9.4350900650        43.9503593445     0.14467400312424                  1.0                    0         5.8613867760         2.2547750473          0 ellipse      [        5.5417432785         4.5404973030]        63.2203636169     0.74156707525253          5
     6       266.4173260606       -29.0081695344      8.295972975E-06      7.275985993E-06 (     4119.4852459016,     4122.1442622951)     0.05308880225766     0.05323730640248        136       392.5776672363        22.5178928375       114.4223327637     0.23560693860054       392.5776672363        22.5178928375       114.4223327637     0.23560693860054                  1.0                    0        33.4625892639         2.2432191372          0 ellipse      [        2.8553092480         2.7136106491]       133.4256744385     0.41362559795380          6
     7       266.4155884671       -29.0080870684      2.087336958E-05      1.784589583E-05 (     4130.6043956044,     4122.7472527473)     0.13357785491189     0.13057368942282         60        89.1228408813        11.6628808975        46.8771553040     0.15093551576138        89.1228408813        11.6628808975        46.8771553040     0.15093551576138                  1.0                    0        11.2795982361         2.2494230270          0 ellipse      [        4.1549420357         3.3635456562]        41.8645744324     0.55397319793701          7
     8       266.4167768285       -29.0076425679                    0                    0                (     4123.0,     4126.0)                    0                    0         77       129.1481475830        14.0724506378        68.8518447876     0.18403004109859       129.1481475830        14.0724506378        68.8518447876     0.18403004109859                  1.0                    0        13.8233222961         2.2449057102          0 ellipse      [     3.576278687E-07      3.576278687E-07]                 90.0       5.31021378E-08          8
     9       266.4085415871       -29.0061018312      2.385072912E-05      2.071564187E-05             (     4175.70,     4137.270)     0.15264337522513     0.15156186855529         91        85.2472076416        10.0003499985        14.7527933121     0.08367399871349        85.2472076416        10.0003499985        14.7527933121     0.08367399871349                  1.0                    0        17.2657508850         2.2914917469          0 ellipse      [        4.6439027786         4.4808559418]        39.2600669861     0.66356348991394          9
    10       266.4157892696       -29.0056679363      1.456792882E-05      1.909251111E-05 (     4129.3201970443,     4140.4482758621)     0.09323070929713     0.13969725055267        119       209.0937805176        17.1767711639        85.9062194824     0.20363911986351       209.0937805176        17.1767711639        85.9062194824     0.20363911986351                  1.0                    0        20.2827777863         2.2476310730          0 ellipse      [        5.9747519493         3.9795794487]        87.3278350830     0.72315639257431         10
    11       266.4189565855       -29.0044403758      2.422437041E-05      2.213274377E-05 (     4109.0517241379,     4149.4310344828)     0.15502370996001     0.16194431920849         88        56.4586219788        10.4893112183        53.5413780212     0.16013519465923        56.4586219788        10.4893112183        53.5413780212     0.16013519465923                  1.0                    0         6.7467508316         2.2351672649          0 ellipse      [        3.8112852573         3.4218332767]       123.0077056885     0.53855973482132         11
    12       266.4199173843       -29.0041289718      2.246098688E-05      1.746488212E-05 (     4102.9032258065,     4151.7096774194)     0.14373796365362     0.12779059185414         70        52.5673294067         9.3817205429        35.4326705933     0.12917797267437        52.5673294067         9.3817205429        35.4326705933     0.12917797267437                  1.0                    0         7.4933438301         2.2317953110          0 ellipse      [        3.4397747517         2.9679870605]        18.4704475403     0.47722193598747         12
    13       266.4068807184       -29.0003833838      4.910062142E-05      5.011366161E-05 (     4186.3333333333,     4179.1111111111)     0.31426968052801     0.36664796061541         37         6.6974968910         3.0001735687         2.3025031090     0.03227904066443         6.6974968910         3.0001735687         2.3025031090     0.03227904066443                  1.0                    0         2.4379875660         2.3185887337          0 ellipse      [        3.3219442368         2.8024232388]        77.6124267578     0.43864992260933         13
    14       266.4233243128       -28.9979256102      2.445830813E-05      2.139128242E-05              (     4081.10,     4197.10)     0.15652475842489     0.15652475842489         55        21.3270759583         5.7450556755        11.6729240417     0.07527001947165        21.3270759583         5.7450556755        11.6729240417     0.07527001947165                  1.0                    0         4.7135648727         2.2651197910          0 ellipse      [        2.3811762333         1.7748239040]                 45.0     0.30252480506897         14
    15       266.4233973778       -28.9925805040      6.600521004E-05      3.748376096E-05 (     4080.6315789474,     4236.2105263158)     0.42243540256413     0.27428019489162         49        13.1081666946         4.3592190742         5.8918333054     0.05283339694142        13.1081666946         4.3592190742         5.8918333054     0.05283339694142                  1.0                    0         3.6643903255         2.3228354454          0 ellipse      [        5.6414856911         3.3989911079]       165.2673950195     0.62839406728745         15
    16       266.4184338813       -28.9830426109      3.952294963E-05       4.73434423E-05               (     4112.40,     4306.0)     0.25298221281355     0.34641016151363         40         6.6485133171         3.1625392437         3.3514869213     0.04068337753415         6.6485133171         3.1625392437         3.3514869213     0.04068337753415                  1.0                    0         2.1977009773         2.5156345367          0 ellipse      [        3.3099687099         2.3672995567]        80.1730880737     0.37091103196144         16
    17       266.4202048445       -29.0302182538      6.833884493E-05      7.564959665E-05        (     4101.06250,     3960.81250)     0.43722089311359     0.55353092449741         67        11.5388021469         4.0002675056         4.4611978531     0.04624264314771        11.5388021469         4.0002675056         4.4611978531     0.04624264314771                  1.0                    0         3.5149219036         2.4040000439          0 ellipse      [        7.2153391838         4.4257564545]       119.6351394653     0.78354942798615         17
    18       266.4227046634       -29.0073571381      5.693507285E-05      2.744111023E-05 (     4085.0666666667,     4128.0888888889)      0.3643360272340     0.20079403420004         51        20.1004238129         6.7090907097        24.8995761871     0.10906605422497        20.1004238129         6.7090907097        24.8995761871     0.10906605422497                  1.0                    0         3.3144180775         2.2235546112          0 ellipse      [        7.3523373604         4.0040006638]         5.0691637993     0.81337487697601         18
    19       266.4237178053       -28.9818629559      5.110981078E-05      8.644081758E-05 (     4078.5789473684,     4314.6315789474)     0.32712793225983     0.63250163441626         70        13.2723598480         4.3592243195         5.7276401520     0.05327863991261        13.2723598480         4.3592243195         5.7276401520     0.05327863991261                  1.0                    0         3.7438385487         2.5625417233          0 ellipse      [        8.3474454880         4.1266565323]        81.0656509399     0.76345556974411         19
