 
--------------------------------------------------------------------------------
Data for Table Block SRCLIST
--------------------------------------------------------------------------------
 
ROW    RA                   DEC                  RA_ERR               DEC_ERR              POS(X,Y)                                 X_ERR                Y_ERR                NPIXSOU    NET_COUNTS           NET_COUNTS_ERR       BKG_COUNTS           BKG_COUNTS_ERR       NET_RATE             NET_RATE_ERR         BKG_RATE             BKG_RATE_ERR         EXPTIME              EXPTIME_ERR          SRC_SIGNIFICANCE     PSF_SIZE             MULTI_CORREL_MAX SHAPE        R[2]                                     ROTANG               PSFRATIO             COMPONENT
 
     1       266.4217671386       -29.0362144529      4.358377657E-05      3.227580505E-05 (     4036.1111111111,     3862.8888888889)     0.27880468618832     0.23618674653972         69        24.0552635193         5.1963400841         2.9447367191     0.04415189847350        24.0552635193         5.1963400841         2.9447367191     0.04415189847350                  1.0                    0         8.2319869995         2.6337499619          0 ellipse      [        4.9547581673         2.8097717762]       144.3383483887     0.47222715616226          1
     2       266.4202058005       -29.0303447457       3.99328618E-05      6.541655717E-05 (     4046.0967741935,     3905.8387096774)     0.25544981326311     0.47867484047129         79        23.8149814606         5.5680632591         7.1850190163     0.05767889693379        23.8149814606         5.5680632591         7.1850190163     0.05767889693379                  1.0                    0         6.2393245697         2.4661374092          0 ellipse      [        8.1879320145         3.8847091198]        75.8258361816     0.76230335235596          2
     3       266.4068135666       -29.0289637462      2.315480788E-05      2.000918199E-05 (     4131.7777777778,     3915.9444444444)     0.14814814814872     0.14640174352644         54        22.3447418213         5.3854579926         6.6552572250     0.05618372932076        22.3447418213         5.3854579926         6.6552572250     0.05618372932076                  1.0                    0         6.0046172142         2.4117233753          0 ellipse      [        2.3717949390         1.1842156649]       135.5653381348     0.23163555562496          3
     4       266.4083642902       -29.0261838275      3.207354291E-05      1.873398336E-05 (     4121.8571428571,     3936.2857142857)     0.20521228746929     0.13707103183424         61        20.0988311768         5.2918524742         7.9011693001     0.06083156913519        20.0988311768         5.2918524742         7.9011693001     0.06083156913519                  1.0                    0         5.0995602608         2.3673582077          0 ellipse      [        2.8768873215         1.7982555628]        14.5273017883     0.32025942206383          4
     5       266.4247067131       -29.0104861767      4.134160605E-05      3.299747859E-05 (     4017.2857142857,     4051.1428571429)     0.26452002850647     0.24147264420799         42        12.4510107040         4.5830173492         8.5489892960     0.06363441795111        12.4510107040         4.5830173492         8.5489892960     0.06363441795111                  1.0                    0         3.0747604370         2.2909064293          0 ellipse      [        2.2427501678         1.7469128370]        34.0992965698     0.28800329566002          5
     6       266.4174116883       -29.0081952629      1.012742626E-05      8.993173772E-06 (     4063.9659090909,     4067.9090909091)     0.06480408396374     0.06580649689022        109       303.5244750977        20.1754817963       103.4755249023     0.22374577820301       303.5244750977        20.1754817963       103.4755249023     0.22374577820301                  1.0                    0        27.0784225464         2.2489943504          0 ellipse      [        3.3979747295         2.9531679153]        48.1609840393     0.46950966119766          6
     7       266.4158203793       -29.0082129365      2.114211065E-05      2.184959135E-05 (     4074.1489361702,     4067.7801418440)     0.13528679535466     0.15987904694020         57        87.0583190918        11.8754577637        53.9416770935     0.16276957094669        87.0583190918        11.8754577637        53.9416770935     0.16276957094669                  1.0                    0        10.3697862625         2.2425689697          0 ellipse      [        5.6974859238         4.8168296814]        92.9210739136     0.77867317199707          7
     8       266.4169324302       -29.0076881819      1.138255129E-05      1.067924037E-05 (     4067.0326086957,     4071.6195652174)     0.07283596129764     0.07814361884630        106       227.2756805420        18.3590259552       109.7243270874     0.23196090757847       227.2756805420        18.3590259552       109.7243270874     0.23196090757847                  1.0                    0         19.744770050         2.2471802235          0 ellipse      [        2.2589113712         2.0847165585]       104.3630676270     0.32189479470253          8
     9       266.4239696709        -29.007639020      2.411531591E-05      2.082743607E-05       (     4022.0,     4071.9761904762)     0.15430334996199     0.15241106561871         59        38.0222549438         7.8109455109        22.9777450562     0.10427205264568        38.0222549438         7.8109455109        22.9777450562     0.10427205264568                  1.0                    0         6.4761576653         2.2853457928          0 ellipse      [        3.0890865326         2.8702189922]       139.8417053223     0.43430954217911          9
    10       266.4086931094       -29.0061806881       9.93267281E-06      9.063841748E-06 (     4119.7578475336,     4082.6502242152)     0.06356393760871     0.06631883559385        130       230.1825866699        16.1249485016        29.8174076080     0.11816953867674       230.1825866699        16.1249485016        29.8174076080     0.11816953867674                  1.0                    0        35.2566032410         2.2241125107          0 ellipse      [        3.0573520660         2.7547762394]       122.9493103027     0.43494856357574         10
    11       266.4158669159       -29.0060988759      1.649383097E-05      1.837880456E-05 (     4073.8506787330,     4083.2488687783)     0.10554461335369     0.13448221232784        162       315.0315246582        21.3791675568       141.9684753418     0.26230749487877       315.0315246582        21.3791675568       141.9684753418     0.26230749487877                  1.0                    0        24.3333663940         2.2451825142          0 ellipse      [        6.1013875008         4.5718545914]       106.0966110229     0.78412914276123         11
    12       266.4233788409       -28.9979412997      3.164969127E-05      2.852450042E-05 (     4025.7741935484,     4142.9354838710)     0.20253172523826     0.20873477373607         52        24.6442680359         6.0004510880        11.3557310104     0.07357423007488        24.6442680359         6.0004510880        11.3557310104     0.07357423007488                  1.0                    0         5.5017766953         2.3136255741          0 ellipse      [        3.4914290905         3.3779194355]        77.9488830566     0.49477976560593         12
    13       266.4234546125       -28.9927781907      5.380530769E-05      4.614493162E-05 (     4025.2857142857,     4180.7142857143)     0.34432791115205     0.33767819444893         57        13.9235754013         4.5829410553         7.0764245987     0.05785001441836        13.9235754013         4.5829410553         7.0764245987     0.05785001441836                  1.0                    0         3.6664388180         2.3475418091          0 ellipse      [        4.9888758659         4.3669557571]        40.7644271851     0.66275978088379         13
    14       266.4161828591       -28.9837275861      4.356666921E-05      5.737712156E-05 (     4071.8235294118,     4246.9411764706)     0.27884207083571     0.41984169232092         50        12.6591243744         4.1233625412         4.3408761024     0.04604335129261        12.6591243744         4.1233625412         4.3408761024     0.04604335129261                  1.0                    0         3.8875827789         2.4452562332          0 ellipse      [        5.3569149971         3.1888105869]       107.7800369263     0.56341201066971         14
    15       266.4192181020       -29.0043593459      2.979419577E-05      2.662862879E-05 (     4052.4047619048,     4095.9761904762)     0.19065326236569     0.19485472010683         87        44.3282852173        10.1008625031        57.6717147827     0.16557289659977        44.3282852173        10.1008625031        57.6717147827     0.16557289659977                  1.0                    0         5.1285643578         2.2633984089          0 ellipse      [        3.7917740345         3.7032804489]       101.3099288940     0.55186426639557         15
    16       266.4188541316       -28.9878380802      5.872249631E-05       4.83524255E-05 (     4054.7272727273,     4216.8636363636)     0.37582866118692     0.35381892077748         89        20.9777793884         5.6573214531        11.0222215652     0.07270266115665        20.9777793884         5.6573214531        11.0222215652     0.07270266115665                  1.0                    0         4.7342500687         2.3776435852          0 ellipse      [        5.5186848640         4.7221026421]        33.5293235779     0.71567767858505         16
    17       266.4076644609       -29.0308304710      7.758705215E-05       4.88277075E-05 (     4126.3333333333,     3902.2857142857)     0.49639669114640     0.35725621783695         50        13.2085933685         4.5829977989         7.7914066315     0.06220863386989        13.2085933685         4.5829977989         7.7914066315     0.06220863386989                  1.0                    0         3.3673326969         2.4576354027          0 ellipse      [        7.8146119118         3.1025347710]        32.0631027222     0.66784137487411         17
    18       266.4141716260       -29.0121325884      4.966630667E-05      4.512003259E-05              (     4084.70,     4039.10)     0.31780497164164     0.33015148038430         13         3.4728131294         3.1627666950         6.5271868706     0.05561007559299         3.4728131294         3.1627666950         6.5271868706     0.05561007559299                  1.0                    0     0.93920069932938         2.2354445457          0 ellipse      [        3.8200283051         2.0754237175]       132.9929046631     0.41985711455345         18
    19       266.4220024304       -29.0068078820      3.200272323E-05      4.324628355E-05 (     4034.5882352941,     4078.0588235294)     0.20476712284471     0.31645296512579         18         6.4821224213         4.1237092018        10.5178775787     0.07055265456438         6.4821224213         4.1237092018        10.5178775787     0.07055265456438                  1.0                    0          1.487828970         2.2712979317          0 ellipse      [        3.9405379295         2.4918236732]        98.5513610840     0.45987632870674         19
    20       266.4240189002       -28.9823524298      4.253345969E-05      0.0001115841764       (     4021.6666666667,     4257.0)     0.27216552697610     0.81649658092738         14         1.9121779203         1.7322065830         1.0878220797     0.02323218993843         1.9121779203         1.7322065830         1.0878220797     0.02323218993843                  1.0                    0     0.81173664331436         2.4982705116          0 ellipse      [        4.3062748909         1.2066466808]        79.7219772339     0.30414468050003         20
