 
--------------------------------------------------------------------------------
Data for Table Block SRCLIST
--------------------------------------------------------------------------------
 
ROW    RA                   DEC                  RA_ERR               DEC_ERR              POS(X,Y)                                 X_ERR                Y_ERR                NPIXSOU    NET_COUNTS           NET_COUNTS_ERR       BKG_COUNTS           BKG_COUNTS_ERR       NET_RATE             NET_RATE_ERR         BKG_RATE             BKG_RATE_ERR         EXPTIME              EXPTIME_ERR          SRC_SIGNIFICANCE     PSF_SIZE             MULTI_CORREL_MAX SHAPE        R[2]                                     ROTANG               PSFRATIO             COMPONENT
 
     1       266.4217637554       -29.0363246893      5.475234013E-05      5.422089357E-05 (     4079.8333333333,     3857.3333333333)     0.35026445035874     0.39674602380774         68        11.1207256317         3.4642059803     0.87927484512329     0.02689210511744        11.1207256317         3.4642059803     0.87927484512329     0.02689210511744                  1.0                    0         4.8851590157         2.6296839714          0 ellipse      [        4.2957401276         3.4346206188]        62.1434402466     0.48689302802086          1
     2       266.4067893447       -29.0289772812      6.440212627E-05      3.708991011E-05 (     4175.6363636364,     3911.0909090909)     0.41206449131641     0.27134636627079         47         9.5693578720         3.3167252541         1.4306424856     0.02582516707480         9.5693578720         3.3167252541         1.4306424856     0.02582516707480                  1.0                    0         3.8637533188         2.4755039215          0 ellipse      [        4.4614300728         2.0481250286]       153.6519775391     0.40703371167183          2
     3       266.3981370310       -29.0233511368      4.101298526E-05      2.729173906E-05              (     4231.0,     3952.250)     0.26244532958390     0.19964892656253         69        25.5963115692         5.2916135788         2.4036877155     0.03424765169621        25.5963115692         5.2916135788         2.4036877155     0.03424765169621                  1.0                    0         9.2210302353         2.4500963688          0 ellipse      [        4.5028419495         2.6694943905]       151.8935852051     0.47168648242950          3
     4       266.4423664856       -29.0159536963       6.76843249E-05       5.36719257E-05             (     3948.0,     4006.3750)     0.43301270189204     0.39280640906190         46            6.8318820         2.8285245895         1.1681181192     0.02347764559090            6.8318820         2.8285245895         1.1681181192     0.02347764559090                  1.0                    0         2.8645670414         2.4113857746          0 ellipse      [        4.2491512299         2.5600953102]       140.9984436035     0.45592269301414          4
     5       266.4037654514       -29.0109493966      6.611104152E-05      5.783100965E-05                (     4195.0,     4043.0)     0.42309850588117     0.42309850588117         65        12.9034719467         4.2429242134         5.0965280533     0.04904316365719        12.9034719467         4.2429242134         5.0965280533     0.04904316365719                  1.0                    0         3.7751972675         2.2709612846          0 ellipse      [        5.7008771896         5.0497522354]                 45.0     0.78754413127899          5
     6       266.3987492825       -29.0096503986      8.400459598E-05      2.900409365E-05              (     4227.10,     4052.50)     0.53758720222868     0.21213203435582         39         7.7869601250         3.1624341011         2.2130398750     0.03146739676595         7.7869601250         3.1624341011         2.2130398750     0.03146739676595                  1.0                    0         2.8614346981         2.3196215630          0 ellipse      [        5.2412953377         1.6089818478]        14.0240526199     0.41730779409409          6
     7       266.4156759274       -29.0081908636      3.001315241E-05       2.44545573E-05 (     4118.7857142857,     4063.1904761905)     0.19206396056961     0.17893010086527         47        35.0421180725         7.1419677734        15.9578809738     0.08776770532131        35.0421180725         7.1419677734        15.9578809738     0.08776770532131                  1.0                    0         6.8878483772         2.2230045795          0 ellipse      [        3.7736136913         3.4359509945]        20.4178695679     0.53993386030197          7
     8       266.4169902823       -29.0079016577      2.921260017E-05      2.409577124E-05    (     4110.3750,     4065.3068181818)     0.18693958950371     0.17630706870568        165       102.4120254517        12.7290658951        59.5879783630     0.17066247761250       102.4120254517        12.7290658951        59.5879783630     0.17066247761250                  1.0                    0        11.6805334091         2.2228677273          0 ellipse      [        5.6799254417         4.4760107994]        37.7560081482     0.75610482692719          8
     9       266.4374079309       -29.0076348744      4.645571647E-05      3.913656561E-05         (     3979.718750,     4067.250)     0.29723456843340     0.28641098093476         67        23.9331436157         5.6571931839         8.0668563843     0.06193894892931        23.9331436157         5.6571931839         8.0668563843     0.06193894892931                  1.0                    0         6.0295333862         2.3264458179          0 ellipse      [        5.4921169281         4.3481016159]       139.6502685547     0.70017325878143          9
    10       266.4157777292       -29.0065374749      2.914418553E-05      2.584189378E-05 (     4118.1346153846,     4075.2884615385)     0.18650643292403     0.18908166902247        130        83.7631988525        11.3587903976        45.2368049622     0.14870505034924        83.7631988525        11.3587903976        45.2368049622     0.14870505034924                  1.0                    0        10.7645998001         2.2207560539          0 ellipse      [        4.1709494591         3.9514901638]        52.3554458618     0.60936260223389         10
    11       266.4085479570       -29.0061528569      5.229239957E-05      4.624917621E-05              (     4164.40,     4078.10)     0.33466401061378     0.33837848631401         50        15.3961687088         4.4723744392         4.6038308144     0.04617487639189        15.3961687088         4.4723744392         4.6038308144     0.04617487639189                  1.0                    0         4.6460280418         2.2440288067          0 ellipse      [        4.7493882179         4.2677059174]       132.0265655518     0.66875398159027         11
    12       266.4158682459       -29.0056588867       3.12686758E-05      2.583000096E-05 (     4117.5555555556,     4081.7171717172)     0.20010313748298     0.18899440905079         79        75.2104949951         9.9504470825        23.7895069122     0.10678518563509        75.2104949951         9.9504470825        23.7895069122     0.10678518563509                  1.0                    0        12.6324853897         2.2237126827          0 ellipse      [        6.2296733856         5.3566279411]       146.1894989014     0.86592137813568         12
    13       266.4206664846       -29.0039665985      4.318574076E-05      3.333610809E-05             (     4086.850,     4094.10)     0.27636027210883     0.24392621835295         38        12.3375473022         4.4725470543         7.6624526978     0.06063897535205        12.3375473022         4.4725470543         7.6624526978     0.06063897535205                  1.0                    0         3.1631307602         2.2409660816          0 ellipse      [        4.3908166885         2.2755725384]        38.7802200317     0.47017708420753         13
    14       266.4345092170       -28.9885360689      5.349261767E-05       4.83128942E-05              (     3998.250,     4207.0)     0.34232659844065     0.35355339059333         41         6.6473875046         2.8285400867         1.3526124954     0.02528155967593         6.6473875046         2.8285400867         1.3526124954     0.02528155967593                  1.0                    0         2.7131764889         2.4195570946          0 ellipse      [        3.1429879665         2.7493865490]        52.0181236267     0.40497866272926         14
    15       266.4424550451       -28.9851410444      3.502763116E-05      3.757537783E-05 (     3947.3888888889,     4231.8333333333)     0.22414293401698     0.27498597046178         50        15.2550458908         4.2427926064         2.7449541092     0.03590515255928        15.2550458908         4.2427926064         2.7449541092     0.03590515255928                  1.0                    0         5.3163108826         2.5792877674          0 ellipse      [        3.7658717632         2.4914050102]       119.4838943481     0.39585295319557         15
    16       266.4160759180       -28.9838061367      5.142037838E-05      5.264608436E-05 (     4116.2307692308,     4241.6153846154)     0.32913453219317     0.38520664612406         61        11.0939235687         3.6056790352         1.9060766697     0.03035555779934        11.0939235687         3.6056790352         1.9060766697     0.03035555779934                  1.0                    0         4.2186269760         2.4249479771          0 ellipse      [        4.4586963654         3.1867742538]        59.4053955078     0.51815050840378         16
    17       266.4229323402       -28.9707846105       2.19670934E-05      1.746328193E-05 (     4072.3421052632,     4336.8947368421)     0.14061753292935     0.12778462708775         53        36.4301185608         6.1645226479         1.5698823929     0.03663515299559        36.4301185608         6.1645226479         1.5698823929     0.03663515299559                  1.0                    0        14.4385423660         2.8037128448          0 ellipse      [        2.6040666103         2.3591926098]       172.8749847412     0.29468154907227         17
    18       266.4201410165       -29.0302593157      8.816332621E-05       5.59557364E-05 (     4090.2142857143,     3901.7142857143)     0.56404670732718     0.40943678872918         79        12.0531902313         3.7417838573         1.9468102455     0.03075203485787        12.0531902313         3.7417838573         1.9468102455     0.03075203485787                  1.0                    0         4.5618062019         2.4568133354          0 ellipse      [        7.0132532120         3.4674863815]        29.6577472687     0.66907334327698         18
    19       266.4468163131       -29.0001735541      4.873242693E-05      3.833074467E-05      (     3919.50,     4121.8333333333)     0.31180478223132     0.28054180384333         37          4.985493660         2.4495875835          1.014506340     0.02190178446472          4.985493660         2.4495875835          1.014506340     0.02190178446472                  1.0                    0         2.1412158012         2.4531457424          0 ellipse      [        2.3772647381         1.9617880583]       151.8450317383     0.29344061017036         19
    20       266.4351259387       -28.9935295868      5.207810972E-05       4.60956222E-05 (     3994.3076923077,     4170.4615384615)     0.33325746367655     0.33733000742632        124        24.0011558533         5.7449388504         8.9988451004     0.06576053053141        24.0011558533         5.7449388504         8.9988451004     0.06576053053141                  1.0                    0         5.8222527504         2.3665337563          0 ellipse      [        3.8898234367         3.3431968689]       132.6822662354     0.50793945789337         20
    21       266.4252046417       -28.9813481395      0.0001202076269      2.993683881E-05              (     4057.80,     4259.60)     0.76941536246659     0.21908902300129         38         3.4434542656         2.2362415791         1.5565458536     0.02786681801081         3.4434542656         2.2362415791         1.5565458536     0.02786681801081                  1.0                    0         1.3671381474         2.4763813019          0 ellipse      [        5.1862049103         1.3795943260]       174.1831817627     0.36004912853241         21
