 
--------------------------------------------------------------------------------
Data for Table Block SRCLIST
--------------------------------------------------------------------------------
 
ROW    RA                   DEC                  RA_ERR               DEC_ERR              POS(X,Y)                                 X_ERR                Y_ERR                NPIXSOU    NET_COUNTS           NET_COUNTS_ERR       BKG_COUNTS           BKG_COUNTS_ERR       NET_RATE             NET_RATE_ERR         BKG_RATE             BKG_RATE_ERR         EXPTIME              EXPTIME_ERR          SRC_SIGNIFICANCE     PSF_SIZE             MULTI_CORREL_MAX SHAPE        R[2]                                     ROTANG               PSFRATIO             COMPONENT
 
     1       266.4216947620       -29.0363042061      3.978945438E-05      3.620485123E-05 (     4053.8571428571,     3919.9523809524)     0.25453451610747     0.26492792393537         56        19.4020805359         4.5826559067         1.5979186296     0.02714034914970        19.4020805359         4.5826559067         1.5979186296     0.02714034914970                  1.0                    0         7.6618657112         2.5188255310          0 ellipse      [        4.6723313332         1.9182088375]       133.3886413574     0.39618262648582          1
     2       266.4021528189       -29.0362118320      3.312352294E-05       5.36866954E-05          (     4178.8750,     3920.6250)      0.2119478119730     0.39280640906190         41         7.2619228363         2.8284866810     0.73807740211487     0.01836470328271         7.2619228363         2.8284866810     0.73807740211487     0.01836470328271                  1.0                    0         3.2713310719         2.5540544987          0 ellipse      [        3.5833852291         1.2260098457]        66.9974594116     0.27355352044106          2
     3       266.3940971498       -29.0336335969      3.695850495E-05      3.374028543E-05 (     4230.4137931034,     3939.4827586207)     0.23648858803244     0.24683822107681         72        27.1580619812         5.3852462769         1.8419389725     0.02962511591613        27.1580619812         5.3852462769         1.8419389725     0.02962511591613                  1.0                    0        10.4055871964         2.6013872623          0 ellipse      [        3.9934144020         3.8147146702]       100.3294525146     0.50012314319611          3
     4       266.4198589153       -29.0302753327      8.044850296E-05       6.24154556E-05      (     4065.60,     3964.0666666667)     0.51467357508318     0.45671938057467         68        11.7285985947         3.8731791973         3.2714016438     0.03895395994186        11.7285985947         3.8731791973         3.2714016438     0.03895395994186                  1.0                    0         3.9025819302         2.4020144939          0 ellipse      [        7.3249835968         3.2038443089]       140.0437622070     0.67226755619049          4
     5       266.3984459080       -29.0261288456      5.591401327E-05      2.994904162E-05              (     4202.60,     3994.40)     0.35777087639963     0.21908902300174         30         4.2011890411         2.2361519337     0.79881119728088     0.01937797479331         4.2011890411         2.2361519337     0.79881119728088     0.01937797479331                  1.0                    0         1.8717601299         2.4093968868          0 ellipse      [        2.5030231476         1.2864195108]        19.3299045563     0.24825279414654          5
     6       266.4065231017       -29.0237137499      3.163104958E-05      3.140538701E-05 (     4150.9230769231,     4012.0769230769)     0.20239800445506     0.22978092117137         42        12.0039119720         3.6056158543     0.99608778953552     0.02156846225262        12.0039119720         3.6056158543     0.99608778953552     0.02156846225262                  1.0                    0         5.1709880829         2.3353579044          0 ellipse      [        2.9938426018         1.4167996645]       129.2590026855     0.29396390914917          6
     7       266.3981436769       -29.0233568084      1.687354109E-05      1.244711087E-05 (     4204.5365853659,     4014.6829268293)     0.10797349404675     0.09106098260099         97        84.7308197021         9.3809137344         3.2691838741     0.03930289298296        84.7308197021         9.3809137344         3.2691838741     0.03930289298296                  1.0                    0        28.1985797882         2.3782663345          0 ellipse      [        2.9697482586         2.4298095703]        15.7796249390      0.3764993250370          7
     8       266.3861683251       -29.0219065137      4.649920862E-05      5.656814733E-05            (     4281.160,     4025.280)     0.29761720380429     0.41384054900391         97        22.6381816864         5.0001182556         2.3618175983     0.03439411520958        22.6381816864         5.0001182556         2.3618175983     0.03439411520958                  1.0                    0         8.1902675629         2.5264406204          0 ellipse      [        6.8348665237         3.4276225567]       118.9272766113     0.63860332965851          8
     9       266.4096280235       -29.0135448268      3.664370666E-05      3.755896462E-05 (     4131.0606060606,     4086.4848484848)     0.23448904630368     0.27481093633196         59        27.9610614777         5.7447714806         5.0389385223     0.04899750649929        27.9610614777         5.7447714806         5.0389385223     0.04899750649929                  1.0                    0         8.2093029022         2.2578966618          0 ellipse      [        5.0868496895         3.5894696712]        58.9997940063     0.63083279132843          9
    10       266.4243196120       -29.0103992113        2.5860275E-05      4.583761721E-05             (     4037.050,     4109.50)     0.16545392107764     0.33541019662516         33        12.7595939636         4.4725165367         7.2404060364     0.05833761766553        12.7595939636         4.4725165367         7.2404060364     0.05833761766553                  1.0                    0         3.3343329430         2.2422738075          0 ellipse      [        4.5032963753         2.2131023407]        92.5175399780     0.46930599212646         10
    11       266.4169247931       -29.0077755175       2.14458471E-05      2.168008319E-05      (     4084.3692307692,     4128.70)     0.13723321036923     0.15863694548716        153       144.4007415771        15.1010169983        83.5992584229     0.20179919898510       144.4007415771        15.1010169983        83.5992584229     0.20179919898510                  1.0                    0        14.1789188385         2.2224271297          0 ellipse      [        5.4457998276         4.6713666916]        80.5122070312     0.75649148225784         11
    12       266.4374147774       -29.0076084337      3.991277953E-05      3.130709815E-05     (     3953.250,     4129.9090909091)     0.25536596652546     0.22912468595314         60        32.3521270752         6.6336669922        11.6478729248     0.07442314922810        32.3521270752         6.6336669922        11.6478729248     0.07442314922810                  1.0                    0         7.1558699608         2.3513958454          0 ellipse      [        5.6277518272         3.8654277325]        36.2432098389     0.66117930412292         12
    13       266.4086341525       -29.0062941230      5.040578526E-05      6.741194437E-05 (     4137.4230769231,     4139.5384615385)     0.32258697704765     0.49324061014795         75        17.9859046936         5.0993890762         8.0140962601     0.06140890344977        17.9859046936         5.0993890762         8.0140962601     0.06140890344977                  1.0                    0         4.5414113998         2.2492988110          0 ellipse      [        7.6299819946         4.8023915291]        78.9663238525     0.89706128835678         13
    14       266.4158210094       -29.0056771411      1.844888004E-05      1.728223213E-05 (     4091.4324324324,     4144.0540540541)     0.11805918054233     0.12645614065332         73        74.0436096191         10.296371460        31.9563865662     0.12357152253389        74.0436096191         10.296371460        31.9563865662     0.12357152253389                  1.0                    0        11.0201168060         2.2251551151          0 ellipse      [        2.3560998440         2.1012358665]       116.4987335205     0.33331334590912         14
    15       266.4207439263       -29.0039402830      1.852415716E-05      2.099148614E-05 (     4059.9285714286,     4156.7619047619)     0.11853631696067     0.15360196746769         64        36.6692810059         7.6164340973        21.3307209015     0.10033977031708        36.6692810059         7.6164340973        21.3307209015     0.10033977031708                  1.0                    0         6.4343214035         2.2333962917          0 ellipse      [        3.0921385288         2.1606183052]       111.2533874512     0.38577267527580         15
    16       266.3886989462       -29.0024839654      7.966605529E-05      4.814084335E-05               (     4265.0,     4167.40)     0.50990195135910     0.35213633723379         51         8.1683206558         3.1624104977         1.8316798210     0.02897531539202         8.1683206558         3.1624104977         1.8316798210     0.02897531539202                  1.0                    0         3.1335136890         2.4254949093          0 ellipse      [        4.837354660         3.3406586647]      2.411618993E-08     0.55245691537857         16
    17       266.4470465192       -29.0002004043       7.39744051E-05      6.246172515E-05              (     3891.60,     4184.10)     0.47328638264798     0.45716517802612         35         6.8658485413         3.1625063419         3.1341514587     0.03803157433867         6.8658485413         3.1625063419         3.1341514587     0.03803157433867                  1.0                    0         2.3110916615         2.6007394791          0 ellipse      [        6.0793128014         1.4184347391]        43.8930282593     0.37636896967888         17
    18       266.4234770840       -28.9978526728      4.976655242E-05      5.276718531E-05 (     4042.4347826087,     4201.3043478261)     0.31846801857137     0.38612408071003         55        14.1116619110         4.7962703705         8.8883380890     0.06488964706659        14.1116619110         4.7962703705         8.8883380890     0.06488964706659                  1.0                    0         3.4380388260         2.2718067169          0 ellipse      [        5.5680966377         4.5664682388]        96.7852172852     0.73986244201660         18
    19       266.4323862211       -28.9964470276      3.996358413E-05       3.77198174E-05 (     3985.4166666667,     4211.5833333333)     0.25572156443786     0.27603620714399         48        22.5632705688         6.0005550385        13.4367284775     0.08160824328661        22.5632705688         6.0005550385        13.4367284775     0.08160824328661                  1.0                    0         4.7336916924         2.3460330963          0 ellipse      [        5.0367231369         4.5284013748]       111.9791870117     0.67856448888779         19
    20       266.4352945474       -28.9934704786      3.750621465E-05      3.358658698E-05             (     3966.80,     4233.360)     0.23999999999978     0.24579666393220        107        39.5879440308         7.6817507744        19.4120559692     0.09641275554895        39.5879440308         7.6817507744        19.4120559692     0.09641275554895                  1.0                    0         7.2106328011         2.4134998322          0 ellipse      [        4.4940023422         2.5214171410]       133.6878967285     0.46491166949272         20
    21       266.4079985533       -28.9843529612      6.764727038E-05       6.33288832E-05      (     4141.50,     4300.0833333333)     0.43301270189204     0.46335631437887         53         9.1232948303         3.4643015862         2.8767056465     0.03722154721618         9.1232948303         3.4643015862         2.8767056465     0.03722154721618                  1.0                    0         3.1412072182         2.5089199543          0 ellipse      [        4.8202300072         4.4947619438]        82.8386383057     0.61841380596161         21
    22       266.4310039892       -28.9835296694      2.251863248E-05      2.008064875E-05     (     3994.250,     4306.1018518519)     0.14411465200237     0.14695107502939        118       101.5401611328        10.3924551010         6.4598407745     0.05594119057059       101.5401611328        10.3924551010         6.4598407745     0.05594119057059                  1.0                    0        27.5541381836         2.6045837402          0 ellipse      [        4.6322503090         4.4406900406]        58.7489509583     0.58044576644897         22
    23       266.3824564148       -29.0268229355      0.0001157860282      7.247419143E-05              (     4304.90,     3989.30)     0.74094534211417     0.53009433122770         83         8.3010196686         3.1624128819         1.6989805698     0.02923568338156         8.3010196686         3.1624128819         1.6989805698     0.02923568338156                  1.0                    0         3.2363634109         2.6868424416          0 ellipse      [        7.7163982391         3.8932244778]       151.4583587646     0.67998385429382         23
    24       266.4258292359       -29.0255007653      5.504587909E-05      7.730594561E-05               (     4027.40,     3999.0)     0.35213633723333     0.56568542494915         55         8.0079393387         3.1624169350         1.9920604229     0.02968731150031         8.0079393387         3.1624169350         1.9920604229     0.02968731150031                  1.0                    0         3.0151319504         2.3515942097          0 ellipse      [        5.6528820992         2.8292977810]        68.7183227539     0.56687939167023         24
    25       266.4472324436       -28.9951118054      6.039536885E-05      4.584386704E-05      (     3890.40,     4221.3333333333)     0.38643671323143     0.33554819712390         55        11.8561353683         3.8731811047         3.1438648701     0.03913312777877        11.8561353683         3.8731811047         3.1438648701     0.03913312777877                  1.0                    0         3.9875504971         2.6719286442          0 ellipse      [        4.6446046829         3.7131721973]       154.7897033691     0.51808476448059         25
    26       266.4398075761       -28.9887480183      7.638026852E-05      4.462534715E-05 (     3937.9090909091,     4267.9090909091)     0.48879249859874     0.32662930322931         37         7.9884853363         3.3168470860         3.0115144253      0.0383992716670         7.9884853363         3.3168470860         3.0115144253      0.0383992716670                  1.0                    0         2.7176687717         2.6069285870          0 ellipse      [        4.8696475029         3.2405874729]       176.1174163818     0.50793749094009         26
    27       266.4237780634       -28.9820238337      6.019652551E-05       5.24769811E-05            (     4040.50,     4317.1250)     0.38527587518547     0.38400642898250         94        15.6624221802         4.5828690529         5.3375773430     0.05184637010098        15.6624221802         4.5828690529         5.3375773430     0.05184637010098                  1.0                    0         4.5171790123         2.5933547020          0 ellipse      [        4.7362308502         4.4919362068]       136.7881622314     0.59285712242126         27
