 
--------------------------------------------------------------------------------
Data for Table Block SRCLIST
--------------------------------------------------------------------------------
 
ROW    RA                   DEC                  RA_ERR               DEC_ERR              POS(X,Y)                                 X_ERR                Y_ERR                NPIXSOU    NET_COUNTS           NET_COUNTS_ERR       BKG_COUNTS           BKG_COUNTS_ERR       NET_RATE             NET_RATE_ERR         BKG_RATE             BKG_RATE_ERR         EXPTIME              EXPTIME_ERR          SRC_SIGNIFICANCE     PSF_SIZE             MULTI_CORREL_MAX SHAPE        R[2]                                     ROTANG               PSFRATIO             COMPONENT
 
     1       266.3985301899       -29.0260998168      7.330110748E-06      6.525532584E-06 (     4226.8592964824,     3932.2797319933)     0.04690658333584     0.04773971485338        180       604.7500610352        24.8597393036        13.2499351501     0.08148763328791       604.7500610352        24.8597393036        13.2499351501     0.08148763328791                  1.0                    0       127.5400390625         2.5053570271          0 ellipse      [        3.5608823299         3.3745279312]        54.5679435730     0.46120545268059          1
     2       266.3982352367       -29.0233021692      3.255461462E-05      3.271707419E-05            (     4228.750,     3952.750)     0.20833333333303     0.23935677693908         37        10.8507175446         3.4641814232         1.1492828131     0.02351485379040        10.8507175446         3.4641814232         1.1492828131     0.02351485379040                  1.0                    0         4.5626816750         2.4406626225          0 ellipse      [        2.7626311779         1.8007967472]       125.0084457397     0.30462446808815          2
     3       266.4096665782       -29.0135974741      5.250224007E-05       4.49853186E-05 (     4155.6153846154,     4023.7692307692)     0.33597797790753     0.32913453219317         53        11.2329025269         3.6056625843         1.7670973539     0.02834064140916        11.2329025269         3.6056625843         1.7670973539     0.02834064140916                  1.0                    0         4.3428359032         2.2514500618          0 ellipse      [        4.4693908691         2.4302678108]       136.0846252441     0.48794138431549          3
     4       266.4159342560       -29.0058005153      4.802163772E-05      4.788405185E-05 (     4115.5111111111,     4080.8222222222)     0.30731368495435     0.35036332308346        100        32.1337776184         6.7086701393        12.8662214279     0.07910091429949        32.1337776184         6.7086701393        12.8662214279     0.07910091429949                  1.0                    0         6.8515276909         2.2229321003          0 ellipse      [        7.4262166023         5.7285032272]       119.5533218384     0.97804075479507          4
     5       266.4231438098       -29.0056736852      4.200924695E-05      2.818475048E-05           (     4069.3750,     4081.750)     0.26882266459506     0.20623947784588         48        19.8510189056         4.8991885185         4.1489820480     0.04524844139814        19.8510189056         4.8991885185         4.1489820480     0.04524844139814                  1.0                    0         6.1776428223         2.2464330196          0 ellipse      [        4.4105343819         2.3117225170]       148.5379180908     0.47380402684212          5
     6       266.4208236484       -29.0039995714      5.288637914E-05      2.840813952E-05       (     4084.2222222222,     4094.0)     0.33843827560167     0.20786985482073         48        14.5355577469         4.2428312302         3.4644422531     0.04018636792898        14.5355577469         4.2428312302         3.4644422531     0.04018636792898                  1.0                    0         4.7612128258         2.2423477173          0 ellipse      [        4.3175749779         2.6294677258]        175.090347290     0.50087535381317          6
     7       266.4354239705       -28.9932322793      4.093018919E-05      6.361993906E-05 (     3990.7777777778,     4172.7777777778)     0.26189140043925     0.46554833666596         55         7.7332248688         3.0000958443         1.2667752504     0.02397305890918         7.7332248688         3.0000958443         1.2667752504     0.02397305890918                  1.0                    0         3.1953728199         2.3735723495          0 ellipse      [        4.1929965019         2.3515717983]        87.3549575806     0.44097873568535          7
     8       266.4310578006       -28.9835185633      4.133441905E-05      6.432758294E-05 (     4018.7142857143,     4243.8571428571)     0.26452002850647     0.47071684059847         48         6.5346503258         2.6457929611     0.46534961462021     0.01483413483948         6.5346503258         2.6457929611     0.46534961462021     0.01483413483948                  1.0                    0         3.1081433296         2.4694685936          0 ellipse      [        3.8856680393         1.8080186844]        71.9209060669     0.35777461528778          8
     9       266.4169016840       -29.0078317035      3.824690663E-05      3.498723904E-05            (     4109.320,     4065.960)     0.24475293665273     0.25599999999986        103        32.8218955994         6.9287376404        15.1781053543     0.08605577051640        32.8218955994         6.9287376404        15.1781053543     0.08605577051640                  1.0                    0         6.5762119293         2.2228639126          0 ellipse      [        3.9738285542         3.5260014534]        56.0831718445     0.56132149696350          9
