 
--------------------------------------------------------------------------------
Data for Table Block SRCLIST
--------------------------------------------------------------------------------
 
ROW    RA                   DEC                  RA_ERR               DEC_ERR              POS(X,Y)                                 X_ERR                Y_ERR                NPIXSOU    NET_COUNTS           NET_COUNTS_ERR       BKG_COUNTS           BKG_COUNTS_ERR       NET_RATE             NET_RATE_ERR         BKG_RATE             BKG_RATE_ERR         EXPTIME              EXPTIME_ERR          SRC_SIGNIFICANCE     PSF_SIZE             MULTI_CORREL_MAX SHAPE        R[2]                                     ROTANG               PSFRATIO             COMPONENT
 
     1       266.4216954317       -29.0363183749      5.952348528E-05      5.186031637E-05              (     4081.50,     3858.60)     0.38078865529314     0.37947331922032         62         9.4706621170         3.1623413563     0.52933806180954     0.02006082981825         9.4706621170         3.1623413563     0.52933806180954     0.02006082981825                  1.0                    0         4.4440703392         2.6215496063          0 ellipse      [        3.9630007744         3.2100818157]        44.5225791931     0.45351409912109          1
     2       266.3984787393       -29.0261685098      7.003192479E-06      6.038888831E-06 (     4230.0397643594,     3932.8556701031)     0.04481448916431     0.04417907865263        207       694.3699340820        26.6271896362        14.6300458908     0.08514531701803       694.3699340820        26.6271896362        14.6300458908     0.08514531701803                  1.0                    0       141.0821990967         2.5107693672          0 ellipse      [        3.6258845329         3.3246521950]        40.2500457764     0.46094807982445          2
     3       266.4168125239       -29.0078577487       3.93791463E-05      3.224564064E-05 (     4112.7424242424,     4066.8484848485)     0.25199899250310     0.23593825771150         85        52.6741752625         8.1244421005        13.3258247375     0.08097128570080        52.6741752625         8.1244421005        13.3258247375     0.08097128570080                  1.0                    0        11.0851545334         2.2227332592          0 ellipse      [        6.3099884987         5.5651807785]       150.8778381348     0.88867980241776          3
     4       266.4374194329       -29.0075796072      5.122855771E-05      6.129114644E-05          (     3980.8750,     4068.8750)     0.32775276505299     0.44852187795004         38         6.5792670250         2.8285415173         1.4207332134     0.02543850243092         6.5792670250         2.8285415173         1.4207332134     0.02543850243092                  1.0                    0         2.6600728035         2.3261590004          0 ellipse      [        4.0770726204         2.3656351566]        63.8734016418     0.44502809643745          4
     5       266.4158415117       -29.0058999184      3.527405079E-05       3.99958292E-05 (     4118.9565217391,     4081.1739130435)     0.22573769736937     0.29264567188739         89        33.3698730469         6.7086238861        11.6301279068     0.07506516575813        33.3698730469         6.7086238861        11.6301279068     0.07506516575813                  1.0                    0         7.3850994110         2.2236905098          0 ellipse      [        4.3237791061         3.0953071117]        70.9874649048     0.54838812351227          5
     6       266.4229957328       -28.9708459089      2.376870901E-05      4.158568981E-05 (     4073.1666666667,     4337.6666666667)     0.15214515486286     0.30429030972482         32         5.7089490891         2.4495408535     0.29105085134506     0.01583974808455         5.7089490891         2.4495408535     0.29105085134506     0.01583974808455                  1.0                    0         2.8257663250         2.8088164330          0 ellipse            [        2.2912878990         1.0]       104.0362472534     0.17963676154613          6
     7       266.4095111789       -29.0134926044       7.52895437E-05      6.401893189E-05 (     4159.4615384615,     4025.6153846154)     0.48180362096628     0.46839094502138         71        10.4429092407         3.6057152748         2.5570907593     0.03438804671168        10.4429092407         3.6057152748         2.5570907593     0.03438804671168                  1.0                    0         3.7050764561         2.2531213760          0 ellipse      [        6.6295375824         2.9795360565]        43.7816772461     0.65752172470093          7
