 
--------------------------------------------------------------------------------
Data for Table Block SRCLIST
--------------------------------------------------------------------------------
 
ROW    RA                   DEC                  RA_ERR               DEC_ERR              POS(X,Y)                                 X_ERR                Y_ERR                NPIXSOU    NET_COUNTS           NET_COUNTS_ERR       BKG_COUNTS           BKG_COUNTS_ERR       NET_RATE             NET_RATE_ERR         BKG_RATE             BKG_RATE_ERR         EXPTIME              EXPTIME_ERR          SRC_SIGNIFICANCE     PSF_SIZE             MULTI_CORREL_MAX SHAPE        R[2]                                     ROTANG               PSFRATIO             COMPONENT
 
     1       266.4216759668       -29.0361974075      6.995631685E-05      4.801637535E-05       (     4054.4444444444,     3921.0)     0.44752022124430     0.35136418446336         60         8.3963232040         3.0000450611     0.60367673635483     0.01643973588943         8.3963232040         3.0000450611     0.60367673635483     0.01643973588943                  1.0                    0         3.8809409142         2.5165145397          0 ellipse      [        4.0470962524         3.1373929977]       171.0905609131     0.47199296951294          1
     2       266.3981936092       -29.0234145805      2.614430861E-05      3.113887098E-05 (     4204.6842105263,     4014.5263157895)     0.16730935036594     0.22782144260327         55        18.3292560577         4.3589358330     0.67074328660965     0.01795580424368        18.3292560577         4.3589358330     0.67074328660965     0.01795580424368                  1.0                    0         8.3620805740         2.3794004917          0 ellipse      [        3.0600924492         2.0731339455]        71.9033966064     0.35285165905952          2
     3       266.4374956127       -29.0076414908      4.219868157E-05      4.167904014E-05      (     3953.20,     4129.9333333333)     0.26997942308435     0.30501973220908         47        12.2654914856         3.8731567860         2.7345089912     0.03665930777788        12.2654914856         3.8731567860         2.7345089912     0.03665930777788                  1.0                    0         4.2786340714         2.3518760204          0 ellipse      [        3.6187369823         3.0503675938]        67.9275512695     0.47088941931725          3
     4       266.4156856429       -29.0065205464      3.678843558E-05       3.90074839E-05 (     4092.7659574468,     4138.1489361702)     0.23541717391481     0.28542174271206        124        52.3663635254         8.3071174622        16.6336364746     0.09054397791624        52.3663635254         8.3071174622        16.6336364746     0.09054397791624                  1.0                    0        10.1301269531         2.2247622013          0 ellipse      [        5.9749684334         4.7119927406]       107.6461944580     0.79499655961990          4
     5       266.4011520593       -29.0297051811      6.478956499E-05      7.640568963E-05             (     4185.750,     3968.50)     0.41457809879466     0.55901699437482         44         3.7877273560         2.0000264645     0.21227253973484     0.01028598472476         3.7877273560         2.0000264645     0.21227253973484     0.01028598472476                  1.0                    0         1.9120714664         2.4371047020          0 ellipse      [        3.8583731651         1.5970146656]        57.1138725281     0.33951669931412          5
     6       266.3861100292       -29.0219982071      9.960242369E-05      5.091426545E-05             (     4282.0,     4024.8750)     0.63737743919955     0.37238672774401         66         7.4969768524         2.8284723759     0.50302320718765     0.01601329073310         7.4969768524         2.8284723759     0.50302320718765     0.01601329073310                  1.0                    0         3.5373356342         2.5296206474          0 ellipse      [        5.6017470360         2.8026430607]        17.5100402832     0.52211838960648          6
     7       266.4170180007       -29.0076724887      3.674778435E-05      4.055610849E-05            (     4084.240,     4129.720)     0.23515101530757     0.29675579185550         89        30.6094665527         6.5578970909        12.3905334473     0.07754479348660        30.6094665527         6.5578970909        12.3905334473     0.07754479348660                  1.0                    0         6.6182808876         2.2222750187          0 ellipse      [        5.0623745918         2.5745611191]       123.5831756592     0.54151397943497          7
     8       266.3939417993       -29.0334625765      9.343581729E-05      6.393464427E-05             (     4231.8750,     3941.0)     0.59784770217811     0.46770717334675         62         7.3495869637         2.8284826279     0.65041285753250     0.01771734096110         7.3495869637         2.8284826279     0.65041285753250     0.01771734096110                  1.0                    0         3.3661351204         2.5960986614          0 ellipse      [        6.1044597626         2.0542509556]        36.2066230774     0.45468217134476          8
