 
--------------------------------------------------------------------------------
Data for Table Block SRCLIST
--------------------------------------------------------------------------------
 
ROW    RA                   DEC                  RA_ERR               DEC_ERR              POS(X,Y)                                 X_ERR                Y_ERR                NPIXSOU    NET_COUNTS           NET_COUNTS_ERR       BKG_COUNTS           BKG_COUNTS_ERR       NET_RATE             NET_RATE_ERR         BKG_RATE             BKG_RATE_ERR         EXPTIME              EXPTIME_ERR          SRC_SIGNIFICANCE     PSF_SIZE             MULTI_CORREL_MAX SHAPE        R[2]                                     ROTANG               PSFRATIO             COMPONENT
 
     1       266.3981521989       -29.0233203147      2.304046313E-05      2.205472686E-05       (     4203.3076923077,     4014.0)     0.14744061393685     0.16135520741091        109        63.6698989868         8.0622987747         1.3301017284     0.02580117061734        63.6698989868         8.0622987747         1.3301017284     0.02580117061734                  1.0                    0        26.0701179504         2.3804674149          0 ellipse      [        4.3103985786         3.0607833862]       127.0819015503     0.50861775875092          1
     2       266.4168551992       -29.0078397316      4.325344463E-05      3.846854173E-05            (     4083.640,     4127.280)     0.27678150227212     0.28148179337222         81        36.1526756287         7.0715560913        13.8473262787     0.08309736102819        36.1526756287         7.0715560913        13.8473262787     0.08309736102819                  1.0                    0         7.4995517731         2.2226192951          0 ellipse      [        6.7740178108         4.9234828949]        46.5634880066     0.86610996723175          2
     3       266.4374986860       -29.0076027807       6.03903116E-05       4.45920055E-05       (     3951.5384615385,     4129.0)     0.38638645484798     0.32635697593196         49        10.0721292496         3.6057467461         2.9278707504     0.03755174577236        10.0721292496         3.6057467461         2.9278707504     0.03755174577236                  1.0                    0         3.4519865513         2.3506045341          0 ellipse      [        4.8622059822         2.5075776577]       143.3833007812     0.49515715241432          3
     4       266.4158265721       -29.0055622689       3.37478653E-05      3.304668216E-05 (     4090.2222222222,     4143.9444444444)     0.21596118129082     0.24180675661501         36        13.8154468536         4.2428741455         4.1845526695     0.04449000209570        13.8154468536         4.2428741455         4.1845526695     0.04449000209570                  1.0                    0         4.2886667252         2.2253346443          0 ellipse      [        3.0900034904         2.7348959446]       101.0435867310     0.43544501066208          4
     5       266.4309115765       -28.9835503941      6.971441928E-05      4.260504084E-05       (     3993.6666666667,     4305.0)     0.44617717789470     0.31180478223087         66        11.0900573730         3.4641654491     0.90994238853455     0.02103669568896        11.0900573730         3.4641654491     0.90994238853455     0.02103669568896                  1.0                    0         4.8462324142         2.6026186943          0 ellipse      [        4.6842751503         3.171366930]       168.8754882812     0.49364259839058          5
     6       266.4304841349       -29.0371983180      0.0001012199194      5.921855295E-05 (     3996.4545454545,     3912.4545454545)     0.64748255490258     0.43339208602083         84        10.0929527283         3.3166909218     0.90704679489136     0.02094666101038        10.0929527283         3.3166909218     0.90704679489136     0.02094666101038                  1.0                    0         4.4126768112         2.6430542469          0 ellipse      [        6.6330690384         4.0126762390]        17.3958873749     0.65064930915833          6
     7       266.4354490169       -28.9932531099      7.319726114E-05      6.573176251E-05       (     3964.6363636364,     4234.0)     0.46838437405995     0.48104569292082         51         8.2564754486         3.3168184757         2.7435247898     0.03583398088813         8.2564754486         3.3168184757         2.7435247898     0.03583398088813                  1.0                    0         2.8777258396         2.4102404118          0 ellipse      [        4.8296718597         4.6154489517]        63.0136871338      0.6529563665390          7
