 
--------------------------------------------------------------------------------
Data for Table Block SRCLIST
--------------------------------------------------------------------------------
 
ROW    RA                   DEC                  RA_ERR               DEC_ERR              POS(X,Y)                                 X_ERR                Y_ERR                NPIXSOU    NET_COUNTS           NET_COUNTS_ERR       BKG_COUNTS           BKG_COUNTS_ERR       NET_RATE             NET_RATE_ERR         BKG_RATE             BKG_RATE_ERR         EXPTIME              EXPTIME_ERR          SRC_SIGNIFICANCE     PSF_SIZE             MULTI_CORREL_MAX SHAPE        R[2]                                     ROTANG               PSFRATIO             COMPONENT
 
     1       266.3982080553       -29.0233265726      3.018715597E-05      2.437761213E-05 (     4200.6086956522,     4013.4347826087)     0.19316843994420     0.17834614586218        110        44.6277465820         6.7823801041         1.3722519875     0.02608869783580        44.6277465820         6.7823801041         1.3722519875     0.02608869783580                  1.0                    0        18.1650257111         2.3814468384          0 ellipse      [        3.9790222645         3.5754215717]       159.1965026855     0.52794617414474          1
     2       266.4095791271       -29.0135273605      4.621634264E-05      4.041981001E-05 (     4127.8571428571,     4085.1428571429)     0.29574238257464     0.29574238257510         86        19.4185123444         4.5826492310         1.5814881325     0.02598739042878        19.4185123444         4.5826492310         1.5814881325     0.02598739042878                  1.0                    0         7.6846528053         2.2564294338          0 ellipse      [        4.4400773048         3.6533463001]                 45.0     0.59497356414795          2
     3       266.4169109658       -29.0078214220       3.49175686E-05       3.50063364E-05 (     4080.9411764706,     4126.8941176471)     0.22343833511513     0.25614849143403        108        67.4954071045         9.2200117111        17.5045928955     0.09284891188145        67.4954071045         9.2200117111        17.5045928955     0.09284891188145                  1.0                    0        12.8013095856         2.2224922180          0 ellipse      [        7.0883798599         6.1757974625]        86.2451477051     0.99233549833298          3
     4       266.4374981499       -29.0076546790      8.785336036E-05      3.588445485E-05              (     3949.20,     4128.10)     0.56213877290247     0.26267851073135         50         7.3055338860         3.1624815464         2.6944658756     0.03591633215547         7.3055338860         3.1624815464         2.6944658756     0.03591633215547                  1.0                    0         2.5580253601         2.3537967205          0 ellipse      [        5.3809161186         2.3865754604]         8.5513648987     0.50748765468597          4
     5       266.4158525064       -29.0060024085      3.434854023E-05      4.155272158E-05 (     4087.7142857143,     4140.2040816327)     0.21980264518925     0.30404682972494        119        59.1496887207         8.7182683945        16.8503112793     0.09053388983011        59.1496887207         8.7182683945        16.8503112793     0.09053388983011                  1.0                    0        11.3852910995         2.2252693176          0 ellipse      [        6.656557560         4.2147808075]       111.4242095947     0.79342979192734          5
     6       266.4353140493       -28.9932683504      4.393783024E-05       7.76044874E-05 (     3963.1578947368,     4233.3684210526)     0.28110543457024     0.56788730454991         83        15.7257118225         4.3590736389         3.2742879391     0.03901987895370        15.7257118225         4.3590736389         3.2742879391     0.03901987895370                  1.0                    0         5.2313318253         2.4196834564          0 ellipse      [        7.5645117760         3.3819289207]       102.2916946411     0.69677549600601          6
     7       266.4216699828       -29.0360967803      3.908159334E-05      4.831687898E-05               (     4050.50,     3920.0)                0.250     0.35355339059333         34         3.8152384758         2.0000205040     0.18476141989231     0.00904857087880         3.8152384758         2.0000205040     0.18476141989231     0.00904857087880                  1.0                    0         1.9397901297         2.5179848671          0 ellipse      [        2.4270510674     0.92705100774765]        58.2825241089     0.19857148826122          7
     8       266.3956911056       -29.0219409044      9.840432006E-05      5.424032781E-05 (     4216.7142857143,     4023.5714285714)     0.62968361716503     0.39678004275993         63         6.3634181023         2.6458079815     0.63658177852631     0.01730477437377         6.3634181023         2.6458079815     0.63658177852631     0.01730477437377                  1.0                    0         2.9223074913         2.3906903267          0 ellipse      [        5.3008370399         2.6075055599]               157.50     0.51837050914764          8
     9       266.4360152834       -29.0100339747      5.737681931E-05      7.635854869E-05 (     3958.6923076923,     4110.6923076923)     0.36705473181701     0.55878794640648         71         9.9027576447         3.6057555676         3.0972425938     0.03839274868369         9.9027576447         3.6057555676         3.0972425938     0.03839274868369                  1.0                    0         3.3439006805         2.3341169357          0 ellipse      [        6.3610048294         3.4399821758]       111.7462844849     0.66803175210953          9
    10       266.4230097178       -29.0056081533      7.621630454E-05      5.035406617E-05 (     4041.9130434783,     4143.0869565217)     0.48770533837796     0.36847944582769         71        16.3962516785         4.7961649895         6.6037487984     0.05657435208559        16.3962516785         4.7961649895         6.6037487984     0.05657435208559                  1.0                    0         4.4173560143         2.2347321510          0 ellipse      [        7.0305423737         5.2833347321]         5.4239397049     0.90907925367355         10
    11       266.4079020161       -28.9857214817      7.125093083E-05      6.233306261E-05              (     4138.60,     4288.60)     0.45607017003931     0.45607017003931         42         4.4217357635         2.2361326218     0.57826399803162     0.01699602045119         4.4217357635         2.2361326218     0.57826399803162     0.01699602045119                  1.0                    0         2.0542294979         2.4717535973          0 ellipse      [        3.5496478081         2.4738633633]                 90.0     0.39962631464005         11
    12       266.4141970858       -29.0118123576      8.043371832E-05      6.875213405E-05 (     4098.3076923077,     4097.6923076923)     0.51469086930138     0.50306298951091         59         8.6597089767         3.6058406830         4.3402910233     0.04569241777062         8.6597089767         3.6058406830         4.3402910233     0.04569241777062                  1.0                    0         2.6594789028         2.2388637066          0 ellipse      [        6.0605030060         4.8860874176]        41.9085350037     0.81018847227097         12
