 
--------------------------------------------------------------------------------
Data for Table Block SRCLIST
--------------------------------------------------------------------------------
 
ROW    RA                   DEC                  RA_ERR               DEC_ERR              POS(X,Y)                                 X_ERR                Y_ERR                NPIXSOU    NET_COUNTS           NET_COUNTS_ERR       BKG_COUNTS           BKG_COUNTS_ERR       NET_RATE             NET_RATE_ERR         BKG_RATE             BKG_RATE_ERR         EXPTIME              EXPTIME_ERR          SRC_SIGNIFICANCE     PSF_SIZE             MULTI_CORREL_MAX SHAPE        R[2]                                     ROTANG               PSFRATIO             COMPONENT
 
     1       266.4216460014       -29.0362029940      3.313159499E-05      4.479208565E-05          (     4076.1250,     3855.8750)     0.21194781197255     0.32775276505299         42         7.3429198265         2.8285126686     0.65708017349243     0.02200743369758         7.3429198265         2.8285126686     0.65708017349243     0.02200743369758                  1.0                    0         3.3587529659         2.6348333359          0 ellipse      [        2.8400540352         1.7037732601]        75.3211212158     0.27828818559647          1
     2       266.3981059234       -29.0263600521      1.304613392E-05       1.18968712E-05 (     4226.7330508475,     3927.8855932203)     0.08348449173081     0.08703590108644        292       729.3330688477        30.0513954163       173.6669006348     0.29382330179214       729.3330688477        30.0513954163       173.6669006348     0.29382330179214                  1.0                    0        51.3372650146         2.5182757378          0 ellipse      [        4.5625004768         3.1744251251]        48.4394302368     0.50374352931976          2
     3       266.3990921343       -29.0259600419      1.448615529E-05      1.421526217E-05 (     4220.4237288136,     3930.8135593220)     0.09270019912037     0.10399892480882        203       377.5396118164        22.2274055481       116.4603881836     0.23991997539997       377.5396118164        22.2274055481       116.4603881836     0.23991997539997                  1.0                    0        31.9235286713         2.4949789047          0 ellipse      [        4.157825470         3.6920440197]        82.7656936646     0.52345389127731          3
     4       266.3981638715       -29.0233572829      1.247865623E-05      1.116650507E-05 (     4226.3660714286,     3949.8571428571)     0.07985511405150     0.08169242072245         70       114.4019165039        11.6623449326        21.5980834961     0.10143813490868       114.4019165039        11.6623449326        21.5980834961     0.10143813490868                  1.0                    0        19.9745788574         2.4391074181          0 ellipse      [        2.5965623856         2.5323426723]        77.6385803223     0.35043576359749          4
     5       266.4096029493       -29.0135611158      3.372696091E-05      2.701536583E-05 (     4153.1818181818,     4021.5454545455)     0.21582751830101     0.19765720236546         65        13.4623708725         4.1233010292         3.5376291275     0.04013341665268        13.4623708725         4.1233010292         3.5376291275     0.04013341665268                  1.0                    0         4.3841958046         2.2515072823          0 ellipse      [        2.4177088737         1.6229671240]        38.3037528992     0.29326635599136          5
     6       266.4157450959       -29.0061314966      4.165856853E-05      5.673015132E-05 (     4113.8805970149,     4075.9104477612)     0.26659439621199     0.41509249468254        125        50.8909263611         8.1858282089        16.1090736389     0.08824194967747        50.8909263611         8.1858282089        16.1090736389     0.08824194967747                  1.0                    0         9.9669256210         2.2221257687          0 ellipse      [       10.5967597961         5.8705549240]       109.1715469360         1.1831402779          6
     7       266.4232164910       -29.0057704658      7.618184918E-05      6.481502351E-05 (     4066.0689655172,     4078.5517241379)     0.48749166152265     0.47427573394680         99        20.2052936554         5.3855652809         8.7947053909     0.06567421555519        20.2052936554         5.3855652809         8.7947053909     0.06567421555519                  1.0                    0         4.9408335686         2.2459337711          0 ellipse      [        9.1844158173         6.0316944122]       136.9827117920         1.1046564579          7
     8       266.4410143531       -28.9826693093      3.773596069E-05      4.666453265E-05 (     3952.1428571429,     4247.5714285714)     0.24147264420799     0.34149388838159         34         5.8970651627         2.6458551884         1.1029350758     0.02343777008355         5.8970651627         2.6458551884         1.1029350758     0.02343777008355                  1.0                    0         2.4974594116         2.6103837490          0 ellipse      [        2.7254011631         1.895414710]        81.6503753662     0.29022961854935          8
     9       266.4229274259       -28.9707349724      7.366988802E-05      5.108688101E-05 (     4067.9090909091,     4334.9090909091)     0.47158157413833     0.37382422736846         69        10.4968976974         3.3166780472     0.50310212373734     0.01878748461604        10.4968976974         3.3166780472     0.50310212373734     0.01878748461604                  1.0                    0         4.9527206421         2.7878410816          0 ellipse      [        5.3379173279         2.7125406265]        33.6125144958     0.45497211813927          9
    10       266.4174355240       -29.0152588644      5.254252403E-05      8.181780213E-05         (     4103.06250,     4009.1250)     0.33620991861517     0.59866387689590         65        11.5792236328         4.0002655983         4.4207763672     0.04608617350459        11.5792236328         4.0002655983         4.4207763672     0.04608617350459                  1.0                    0         3.5367920399         2.2527670860          0 ellipse      [        7.190035820         4.0236930847]        92.8411865234     0.79586678743362         10
    11       266.4168108159       -29.0076350326      4.636793886E-05       3.22736643E-05 (     4107.0606060606,     4064.9090909091)     0.29672034658233     0.23614456189216         94        32.5610961914         6.9287567139        15.4389047623     0.08757118880749        32.5610961914         6.9287567139        15.4389047623     0.08757118880749                  1.0                    0         6.4816980362         2.2230379581          0 ellipse      [        5.1334929466         4.0445017815]         8.2134857178     0.68323618173599         11
