 
--------------------------------------------------------------------------------
Data for Table Block SRCLIST
--------------------------------------------------------------------------------
 
ROW    RA                   DEC                  RA_ERR               DEC_ERR              POS(X,Y)                                 X_ERR                Y_ERR                NPIXSOU    NET_COUNTS           NET_COUNTS_ERR       BKG_COUNTS           BKG_COUNTS_ERR       NET_RATE             NET_RATE_ERR         BKG_RATE             BKG_RATE_ERR         EXPTIME              EXPTIME_ERR          SRC_SIGNIFICANCE     PSF_SIZE             MULTI_CORREL_MAX SHAPE        R[2]                                     ROTANG               PSFRATIO             COMPONENT
 
     1       266.3991502823       -29.0261055234      1.550232599E-05      1.498721393E-05 (     4192.3953488372,     3905.5872093023)     0.09919843005082     0.10964996985513        209       385.7967529297        22.9797801971       142.2032318115     0.26519379019737       385.7967529297        22.9797801971       142.2032318115     0.26519379019737                  1.0                    0        29.7767581940         2.5304193497          0 ellipse      [        4.3295435905         3.8858284950]        78.9812011719     0.54031759500504          1
     2       266.3979502971       -29.0260916785      1.402636576E-05      1.433090985E-05   (     4200.0729166667,     3905.68750)     0.08975564319098     0.10484803197505        266       471.3423767090        25.5164585114       179.6576080322     0.29945504665375       471.3423767090        25.5164585114       179.6576080322     0.29945504665375                  1.0                    0        32.6604614258         2.5434794426          0 ellipse      [        4.3783416748         3.7077105045]        79.6875610352     0.52802956104279          2
     3       266.3982210335       -29.0233515618      1.549230598E-05      1.289070523E-05 (     4198.3434343434,     3925.7373737374)     0.09913575747760     0.09430888406132         98       101.7761688232        11.8751325607        39.2238311768     0.13702501356602       101.7761688232        11.8751325607        39.2238311768     0.13702501356602                  1.0                    0        13.8991279602         2.4586493969          0 ellipse      [        2.9935920238         2.7784466743]       156.0314025879     0.39100244641304          3
     4       266.4096845687       -29.0136342275       5.09998556E-05      6.623438198E-05       (     4125.0,     3996.8461538462)     0.32635697593196     0.48462947288635         46         9.9285020828         3.6057446003         3.0714981556     0.03732939437032         9.9285020828         3.6057446003         3.0714981556     0.03732939437032                  1.0                    0         3.3600523472         2.2648770809          0 ellipse      [        5.3140149117         3.4208292961]        77.6253204346     0.62749636173248          4
     5       266.4169411938       -29.0078673044      5.428208488E-05      4.158385914E-05 (     4078.5652173913,     4039.0434782609)     0.34735317567447     0.30428030576968         90        30.3696250916         6.7828879356        15.6303739548     0.08701481670141        30.3696250916         6.7828879356        15.6303739548     0.08701481670141                  1.0                    0         6.0170431137         2.2378590107          0 ellipse      [        7.4412870407         5.7366290092]       150.5749053955     0.97319179773331          5
     6       266.4230066822       -29.0058093178      6.431523389E-05      3.729853361E-05             (     4039.750,     4054.10)     0.41155194082876     0.27294688127904         62        15.2421150208         4.4723901749         4.7578845024     0.04769107326865        15.2421150208         4.4723901749         4.7578845024     0.04769107326865                  1.0                    0         4.5541152954         2.2682180405          0 ellipse      [        5.8201527596         3.1659626961]        22.1369037628     0.63083249330521          6
     7       266.4159395953       -29.0055604430       4.85767855E-05      3.882715886E-05 (     4084.9743589744,     4055.9230769231)     0.31085379971273      0.2841058395270         69        29.0501117706         6.2453818321         9.9498882294     0.06923331320286        29.0501117706         6.2453818321         9.9498882294     0.06923331320286                  1.0                    0         6.8016033173         2.2336211205          0 ellipse      [        6.7616133690         4.0655999184]       140.5160217285     0.78245025873184          7
     8       266.4386605421       -28.9749263473      4.884107415E-05      4.751179632E-05 (     3939.5294117647,     4280.0588235294)     0.31256995960257     0.34771212922715         69        16.2962455750         4.1231460571     0.70375382900238     0.01828788034618        16.2962455750         4.1231460571     0.70375382900238     0.01828788034618                  1.0                    0         7.3881850243         2.7629795074          0 ellipse      [        5.1158285141         2.6971590519]       129.5857696533     0.44813859462738          8
     9       266.4229433265       -28.9708301126      3.661965758E-05      4.928699992E-05 (     4040.1363636364,     4310.0454545455)     0.23439260827945     0.36065409314961         86        20.9392471313         4.6904711723         1.0607520342     0.02278776094317        20.9392471313         4.6904711723         1.0607520342     0.02278776094317                  1.0                    0         8.9268732071         2.6939294338          0 ellipse      [        5.1034531593         3.2537662983]        97.8874893188     0.50421732664108          9
    10       266.3861818849       -29.0218787143      7.421234704E-05      7.249381193E-05            (     4275.3750,     3936.50)     0.47495887979949       0.530330085890         85        12.8180723190         4.0001964569         3.1819279194     0.03965426981449        12.8180723190         4.0001964569         3.1819279194     0.03965426981449                  1.0                    0         4.2971715927         2.6402039528          0 ellipse      [        6.5205965042         5.5196194649]        65.8445281982     0.75742477178574         10
    11       266.4353100645       -28.9928382839      9.896268693E-09       4.83189593E-05                (     3961.0,     4149.0)                    0     0.35355339059333         64         8.5913639069         3.3168058395         2.4086363316     0.03464585542679         8.5913639069         3.3168058395         2.4086363316     0.03464585542679                  1.0                    0         3.0934727192         2.3874843121          0 ellipse      [        2.1213202477      3.576278687E-07]                 90.0      0.0001216065648         11
