 
--------------------------------------------------------------------------------
Data for Table Block SRCLIST
--------------------------------------------------------------------------------
 
ROW    RA                   DEC                  RA_ERR               DEC_ERR              POS(X,Y)                                 X_ERR                Y_ERR                NPIXSOU    NET_COUNTS           NET_COUNTS_ERR       BKG_COUNTS           BKG_COUNTS_ERR       NET_RATE             NET_RATE_ERR         BKG_RATE             BKG_RATE_ERR         EXPTIME              EXPTIME_ERR          SRC_SIGNIFICANCE     PSF_SIZE             MULTI_CORREL_MAX SHAPE        R[2]                                     ROTANG               PSFRATIO             COMPONENT
 
     1       266.3989170565       -29.0263294972      1.359832186E-05      1.328865456E-05 (     4202.9794871795,     3901.8307692308)     0.08701612880577     0.09722181401639        252       488.1882019043        25.0213680267       137.8118133545     0.26246249675751       488.1882019043        25.0213680267       137.8118133545     0.26246249675751                  1.0                    0        38.2256240845         2.5613603592          0 ellipse      [        4.3990116119         3.2443213463]       124.0219726562     0.49164038896561          1
     2       266.3978832895       -29.0259378543      1.541106678E-05       1.65098904E-05 (     4209.5939849624,     3904.6954887218)     0.09861887389070     0.12078933833573        248       463.7757873535        24.4144573212       132.2242126465     0.25644612312317       463.7757873535        24.4144573212       132.2242126465     0.25644612312317                  1.0                    0        37.0089645386         2.5660567284          0 ellipse      [        5.9207630157         4.8121161461]        84.0743484497     0.69337689876556          2
     3       266.3984119618       -29.0233256715      4.094065173E-05      3.294528921E-05 (     4206.2142857143,     3923.8095238095)     0.26198205414858     0.24102505782867         74        29.1003894806         7.1421604156        21.8996105194     0.10226685553789        29.1003894806         7.1421604156        21.8996105194     0.10226685553789                  1.0                    0         5.0528869629         2.4879565239          0 ellipse      [        5.1016702652         4.6771807671]         8.1371450424     0.65446168184280          3
     4       266.4169616198       -29.0079708481      5.031609311E-05      4.105310744E-05 (     4087.5283018868,     4036.1698113208)     0.32197744038103     0.30039234941296         91         37.128402710         7.2806377411        15.8715982437     0.08766933530569         37.128402710         7.2806377411        15.8715982437     0.08766933530569                  1.0                    0         7.3131175041         2.2376561165          0 ellipse      [        7.6334738731         5.8500237465]        37.2726783752     0.99546349048615          4
     5       266.4158065104       -29.0056652628      3.527074648E-05      3.902443574E-05            (     4094.920,     4053.040)     0.22570777567444     0.28554509276137         72        25.1067237854         6.0004391670        10.8932771683     0.07258051633835        25.1067237854         6.0004391670        10.8932771683     0.07258051633835                  1.0                    0         5.6902642250         2.2316713333          0 ellipse      [        4.2850322723         3.3832676411]        92.7484436035     0.56871372461319          5
     6       266.4161650147       -28.9837528121      7.274526689E-05      0.0001023215796          (     4092.6250,     4213.3750)     0.46561451330490     0.74869678441974         76         6.8073911667         2.8285284042         1.1926085949     0.02394727617502         6.8073911667         2.8285284042         1.1926085949     0.02394727617502                  1.0                    0         2.8437891006         2.3578283787          0 ellipse      [        6.4526424408         3.7857835293]        77.5093765259     0.69873619079590          6
     7       266.4396956164       -28.9746794102      6.176589477E-05      6.217324464E-05              (     3942.0,     4279.750)     0.39528470752111     0.45500686808009         80        14.9872026443         4.0000638962         1.0127978325     0.02260740660131        14.9872026443         4.0000638962         1.0127978325     0.02260740660131                  1.0                    0         6.4386205673         2.7604408264          0 ellipse      [        5.8166041374         4.2987928391]       120.7785339355     0.60382109880447          7
     8       266.4271408445       -28.9715035693      8.817761125E-05      7.453791152E-05       (     4022.3636363636,     4303.0)     0.56440896128788     0.54545454545496         83        10.0560798645         3.3166885376     0.94391983747482     0.02055091597140        10.0560798645         3.3166885376     0.94391983747482     0.02055091597140                  1.0                    0         4.3693461418         2.6908977032          0 ellipse      [        7.1968092918         3.0327658653]       136.4012298584     0.57872337102890          8
