 
--------------------------------------------------------------------------------
Data for Table Block SRCLIST
--------------------------------------------------------------------------------
 
ROW    RA                   DEC                  RA_ERR               DEC_ERR              POS(X,Y)                                 X_ERR                Y_ERR                NPIXSOU    NET_COUNTS           NET_COUNTS_ERR       BKG_COUNTS           BKG_COUNTS_ERR       NET_RATE             NET_RATE_ERR         BKG_RATE             BKG_RATE_ERR         EXPTIME              EXPTIME_ERR          SRC_SIGNIFICANCE     PSF_SIZE             MULTI_CORREL_MAX SHAPE        R[2]                                     ROTANG               PSFRATIO             COMPONENT
 
     1       266.3985786763       -29.0262974540      1.774045381E-05       1.52596965E-05 (     4230.0335025381,     4016.9329949239)     0.11352366891151     0.11163625380186        587      1017.2799072266        36.0158119202       279.7201232910     0.37230059504509      1017.2799072266        36.0158119202       279.7201232910     0.37230059504509                  1.0                    0        57.3204498291         2.4224288464          0 ellipse      [       10.7597751617        10.4382686615]       151.7789306641         1.4582887888          1
     2       266.3981742278       -29.0233954560      2.375633335E-05      2.143685352E-05    (     4232.6250,     4038.1666666667)     0.15202624499307     0.15682763598124         68        44.4252243042         7.8745450974        17.5747737885     0.09198728203773        44.4252243042         7.8745450974        17.5747737885     0.09198728203773                  1.0                    0         8.4126815796         2.3965630531          0 ellipse      [        3.3093798161         3.1076326370]       120.1704483032     0.44604432582855          2
     3       266.4169205163       -29.0078918787      3.774699121E-05      2.689146122E-05 (     4112.6847826087,     4151.6195652174)     0.24155360599889     0.19676158369657        105        72.1855163574         9.5921707153        19.8144817352     0.09872444719076        72.1855163574         9.5921707153        19.8144817352     0.09872444719076                  1.0                    0        13.0421009064         2.2357437611          0 ellipse      [        7.1370434761         5.4250340462]        20.4490566254     0.92772042751312          3
     4       266.4159108443        -29.005616530      5.014722024E-05      4.083278826E-05 (     4119.1463414634,     4168.2682926829)     0.32091662222047     0.29876682944177         77        29.9543285370         6.4035382271        11.0456714630     0.07282012701035        29.9543285370         6.4035382271        11.0456714630     0.07282012701035                  1.0                    0         6.7548642159         2.2516629696          0 ellipse      [        6.8925576210         4.8407192230]       141.0722961426     0.85510712862015          4
     5       266.4205665489       -29.0040373561      7.113188792E-05      5.711215109E-05 (     4089.3529411765,     4179.8235294118)     0.45519816948081     0.41789797034289         52        11.8284168243         4.1234021187         5.1715831757     0.04943685606122        11.8284168243         4.1234021187         5.1715831757     0.04943685606122                  1.0                    0         3.4450726509         2.2483420372          0 ellipse      [        6.0005059242         4.7345619202]       145.7544250488     0.79022395610809          5
     6       266.4305480795       -29.0373936190      0.0001070295625      7.542919003E-05             (     4025.50,     3935.750)     0.68465319688130     0.55198505414546         80         6.9488768578         2.8285164833         1.0511231422     0.02247753739357         6.9488768578         2.8285164833         1.0511231422     0.02247753739357                  1.0                    0         2.9669942856         2.4964087009          0 ellipse      [        6.2135887146         4.1326522827]       151.6374511719     0.67662608623505          6
     7       266.4373787128       -29.0077861559      6.166881008E-05      7.512497961E-05 (     3981.7692307692,     4152.3846153846)     0.39454634504546     0.54975477629978         56        10.1898965836         3.6057302952         2.8101031780     0.03592894226313        10.1898965836         3.6057302952         2.8101031780     0.03592894226313                  1.0                    0         3.5297954082         2.2974636555          0 ellipse      [        6.7371773720         2.8608400822]       121.2773361206     0.63696545362473          7
     8       266.4349965083       -28.9938990164      8.558985888E-05      5.797292755E-05                (     3997.0,     4254.0)     0.54772255750504     0.42426406871164         38         7.7409138680         3.1624450684         2.2590858936     0.03254362568259         7.7409138680         3.1624450684         2.2590858936     0.03254362568259                  1.0                    0         2.8306558132         2.4111392498          0 ellipse      [        5.5317268372         3.5496478081]        26.5650520325     0.61260348558426          8
