     1       266.4217862114       -29.0362630558        12.9779624939
     2       266.4201727882       -29.0302367860         6.8428874016
     3       266.4227504307       -29.0271309405         5.4766602516
     4       266.4194138975       -29.0255286986         3.2534062862
     5       266.4117704904       -29.0156386643         3.7532017231
     6       266.4128487870       -29.0153389215         3.3859632015
     7       266.4243383075       -29.0105538117         6.4479551315
     8       266.4247384982       -29.0092105324         2.8689939976
     9       266.4146095296       -29.0090431444        13.9055995941
    10       266.4173958928       -29.0082753006        42.8256149292
    11       266.4157458085       -29.0082452364        18.6496753693
    12       266.4169620252       -29.0075956859        29.2028350830
    13       266.4239823506       -29.0076566852        25.9694652557
    14       266.4086592329       -29.0062723912        28.0002975464
    15       266.4158426072       -29.0061196920        40.9505462646
    16       266.4170234605       -29.0016565552       140.6760559082
    17       266.4191794788       -29.0006419818         2.6961534023
    18       266.4261520637       -28.9999295669         4.5518074036
    19       266.4248076353       -28.9986737622         4.8284106255
    20       266.4232639939       -28.9980125092         7.1679720879
    21       266.4141951478       -28.9940621601         4.4663329124
    22       266.4235010910       -28.9928517329         5.9790592194
    23       266.4162612615       -28.9838105659         6.0049543381
    24       266.4174084639       -28.9836075466         3.6214914322
    25       266.4089484012       -28.9795464697         5.3491258621
    26       266.4183274857       -28.9791544191         3.8764491081
    27       266.4304927943       -29.0369966155         3.9743230343
    28       266.4119104576       -29.0075116941         4.3233399391
    29       266.4295540177       -29.0061540629         4.9688930511
    30       266.4080043423       -28.9858964793         7.5954904556
    31       266.4176680248       -29.0151461346         1.8509951830
    32       266.4141883349       -29.0127137191         5.5811076164
    33       266.4240395980       -28.9819646425         3.7746610641
