242
1561
2943
2951
2952
2953
2954
3392
3393
3549
3663
3665
4683
4684
5360
5950
5951
5952
5953
5954
6113
6363
6639
6640
6641
6642
6643
6644
6645
6646
7554
7555
7556
7557
7558
7559
9169
9170
9171
9172
9173
9174
10556
11843
13016
13017
13838
13839
13840
13841
13842
13843
13844
13845
13846
13847
13848
13849
13850
13851
13852
13853
13854
13855
13856
13857
14392
14393
14394
14413
14414
14427
14432
14438
14439
14460
14461
14462
14463
14465
14466
14468
14702
14703
14704
14941
14942
14943
14944
14945
14946
15040
15041
15042
15043
15044
15045
15568
15570
15651
15654
16210
16211
16212
16213
16214
16215
16216
16217
16218
16508
16597
16963
16964
16965
16966
18055
18056
18057
18058
18731
18732
19703
19704
19726
19727
20040
20041
20344
20345
20346
20347
21453
21454
21455
21456
