 
--------------------------------------------------------------------------------
Data for Table Block SRCLIST
--------------------------------------------------------------------------------
 
ROW    RA                   DEC                  RA_ERR               DEC_ERR              POS(X,Y)                                 X_ERR                Y_ERR                NPIXSOU    NET_COUNTS           NET_COUNTS_ERR       BKG_COUNTS           BKG_COUNTS_ERR       NET_RATE             NET_RATE_ERR         BKG_RATE             BKG_RATE_ERR         EXPTIME              EXPTIME_ERR          SRC_SIGNIFICANCE     PSF_SIZE             MULTI_CORREL_MAX SHAPE        R[2]                                     ROTANG               PSFRATIO             COMPONENT
 
     1       266.4216858899       -29.0361903376      3.411213413E-05      2.643894599E-05 (     4042.5405405405,     3885.5135135135)     0.21821573617854     0.19347131361428         71        32.5130538940         6.0829367638         4.4869475365     0.04605233669281        32.5130538940         6.0829367638         4.4869475365     0.04605233669281                  1.0                    0         9.8870811462         2.5426499844          0 ellipse      [        4.2315945625         3.2272293568]        31.5375843048     0.48446130752563          1
     2       266.4200774960       -29.0302331387      6.426022605E-05      3.354921406E-05 (     4052.8275862069,     3929.1034482759)     0.41110901174943     0.24550575131116         73        22.2249183655         5.3854627609         6.7750811577     0.05665482208133        22.2249183655         5.3854627609         6.7750811577     0.05665482208133                  1.0                    0         5.9374303818         2.3927066326          0 ellipse      [        6.6598725319         3.9356243610]       174.7449798584     0.71322911977768          2
     3       266.4148758593       -29.0175877913      2.295746003E-05      2.087307694E-05 (     4086.1052631579,     4021.6315789474)     0.14689278208971     0.15273184212856         52        18.3789443970         5.5682883263        12.6210565567     0.07639232277870        18.3789443970         5.5682883263        12.6210565567     0.07639232277870                  1.0                    0         3.9468204975         2.2437858582          0 ellipse      [        2.1622991562         1.7329548597]        50.1524238586     0.28757348656654          3
     4       266.4104589250       -29.0111860180      5.723320743E-05      2.761404391E-05 (     4114.3684210526,     4068.4736842105)     0.36623809154662     0.20204523577650         32        10.0180854797         4.3593778610         8.9819145203     0.06461412459612        10.0180854797         4.3593778610         8.9819145203     0.06461412459612                  1.0                    0         2.4318091869         2.2214810848          0 ellipse      [        4.9567861557         2.3123946190]       163.0519104004     0.50800406932831          4
     5       266.4038859945       -29.0108306971      6.257309849E-05      5.602150204E-05 (     4156.4285714286,     4071.0714285714)     0.40043707898622     0.40988158711025         48        10.6907920837         3.7418735027         3.3092076778     0.04022477567196        10.6907920837         3.7418735027         3.3092076778     0.04022477567196                  1.0                    0         3.5461649895         2.2406070232          0 ellipse      [        5.0574097633         3.9742994308]        47.8285369873     0.66697168350220          5
     6       266.4242816630       -29.0103733889      5.962099203E-05      1.958381305E-05 (     4025.9166666667,     4074.4166666667)     0.38150226930065     0.14333171833732         34        15.3122100830         4.8993992805         8.6877899170     0.06414330750704        15.3122100830         4.8993992805         8.6877899170     0.06414330750704                  1.0                    0         3.7602746487         2.2780930996          0 ellipse      [        5.6084752083         2.1023809910]         1.4576610327     0.50244134664536          6
     7       266.4071196556       -29.0097185393       4.48083216E-05       5.98197647E-05 (     4135.7368421053,     4079.2105263158)     0.28675377938180     0.43769066201412         40        12.6003198624         4.3592433929         6.3996801376     0.05478963255882        12.6003198624         4.3592433929         6.3996801376     0.05478963255882                  1.0                    0         3.4296956062         2.2299363613          0 ellipse      [        6.0611624718         3.1752567291]        67.2726440430     0.65577316284180          7
     8       266.4144669659       -29.0087611141      2.494329709E-05      2.144960315E-05 (     4088.7209302326,     4086.2170542636)     0.15961341743287     0.15694994136584        136       115.0549240112        14.8341007233       104.9450759888     0.22482232749462       115.0549240112        14.8341007233       104.9450759888     0.22482232749462                  1.0                    0        10.1991710663         2.2373411655          0 ellipse      [        5.9300274849         4.7970995903]        42.6899604797     0.79462873935699          8
     9       266.4156955968       -29.0081965587      1.822868558E-05      1.578171363E-05 (     4080.8586956522,     4090.3478260870)     0.11664570156063     0.11547835766487         56        87.5111236572        11.8754425049        53.4888725281     0.16166046261787        87.5111236572        11.8754425049        53.4888725281     0.16166046261787                  1.0                    0        10.4619503021         2.2418069839          0 ellipse      [        3.3800547123         3.2989041805]        32.7733726501     0.49650913476944          9
    10       266.4169087438       -29.0077083891      1.463240204E-05      1.138241711E-05 (     4073.0954773869,     4093.9195979899)     0.09363279374429     0.08328887159405        147       294.3561401367        21.1204681396       151.6438446045     0.27234986424446       294.3561401367        21.1204681396       151.6438446045     0.27234986424446                  1.0                    0        22.0577583313         2.2465744019          0 ellipse      [        3.9630401134         3.5242619514]       178.0484008789     0.55450600385666         10
    11       266.4085125426       -29.0061066799      2.289689905E-05      2.110527057E-05 (     4126.8247422680,     4105.6391752577)     0.14652985302382     0.15442291889758         75        79.2580184937         9.8492841721        17.7419795990     0.09162814915180        79.2580184937         9.8492841721        17.7419795990     0.09162814915180                  1.0                    0        14.9536933899         2.2383525372          0 ellipse      [        5.3261189461         3.3458299637]        48.4679031372     0.62864810228348         11
    12       266.4159234818       -29.0056228239      1.397736548E-05      1.671110161E-05             (     4079.40,     4109.180)     0.08944271910013     0.12227837094088         96       188.3946380615        16.5239467621        84.6053619385     0.20201973617077       188.3946380615        16.5239467621        84.6053619385     0.20201973617077                  1.0                    0        18.4000759125         2.2505800724          0 ellipse      [        2.6658644676         1.7948722839]        71.8145751953     0.32398140430450         12
    13       266.4168900239       -29.0015110622      2.139601986E-05      2.029084252E-05 (     4073.2138728324,     4139.2658959538)     0.13692062914561     0.14847378479317         96       130.2947387695        13.1537055969        42.7052574158     0.14133985340595       130.2947387695        13.1537055969        42.7052574158     0.14133985340595                  1.0                    0        17.1619739532         2.2758910656          0 ellipse      [        6.3698029518         4.7893967628]        53.4617233276      0.8089667558670         13
    14       266.4070270041       -29.0003563546      3.842085971E-05      6.252056159E-05 (     4136.3333333333,     4147.7142857143)     0.24590370452188     0.45745454227108         56        13.4573020935         4.5829610825         7.5426979065     0.05941936001182        13.4573020935         4.5829610825         7.5426979065     0.05941936001182                  1.0                    0         3.4686410427          2.275110960          0 ellipse      [        6.3301229477         3.3028984070]        97.6697616577     0.66993063688278         14
    15       266.4233852346       -28.9980025543      3.742018532E-05      6.138149528E-05 (     4031.6451612903,     4164.9354838710)     0.23944258498068     0.44915340382613         66        17.8867530823         5.5683431625        13.1132459641     0.08028821647167        17.8867530823         5.5683431625        13.1132459641     0.08028821647167                  1.0                    0         3.7868883610         2.3279688358          0 ellipse      [        7.5033640862         3.9975595474]        91.1181793213     0.78420042991638         15
    16       266.4140746304       -28.9938415506      6.394824521E-05      4.591661332E-05 (     4091.2307692308,     4195.3846153846)     0.40926902877618     0.33597797790753         32         8.5036468506         3.6058428288         4.4963536263     0.04584712535143         8.5036468506         3.6058428288         4.4963536263     0.04584712535143                  1.0                    0         2.5843086243         2.3368277550          0 ellipse      [        4.7218971252         3.2416694164]       151.4142761230     0.55807769298553         16
    17       266.4160615231       -28.9837246874       6.98184773E-05      3.924578123E-05 (     4078.5128205128,     4269.4102564103)     0.44687797832376     0.28717479098214        101        28.6942501068         6.2453937531        10.3057498932     0.07029256224632        28.6942501068         6.2453937531        10.3057498932     0.07029256224632                  1.0                    0         6.6344799995         2.4980731010          0 ellipse      [        8.3769426346         5.3729190826]         2.4983804226     0.89520293474197         17
    18       266.4075330518       -28.9857076637      6.422580526E-05       4.51234281E-05              (     4133.10,     4254.90)     0.41109609582145     0.33015148038430         97        22.5996627808         5.5681300163         8.4003372192     0.06379070878029        22.5996627808         5.5681300163         8.4003372192     0.06379070878029                  1.0                    0         5.6148891449         2.4725928307          0 ellipse      [        3.9224708080         3.1039042473]        10.0681514740     0.47039225697517         18
    19       266.4145796749       -29.0124932014      4.018399869E-05      3.708361392E-05       (     4088.0,     4058.9090909091)     0.25712973861346     0.27134636627079         39        12.5405740738         5.7454195023        20.4594268799     0.09923628717661        12.5405740738         5.7454195023        20.4594268799     0.09923628717661                  1.0                    0         2.2372431755         2.2280628681          0 ellipse      [        2.7957279682         2.4532868862]       122.7780227661     0.39180764555931         19
    20       266.4223819187       -29.0073164275      4.389745794E-05      3.263535443E-05 (     4038.0714285714,     4096.7857142857)     0.28089040017358     0.23881693343810         82        31.7238864899         8.6614475250        43.2761116028     0.14377556741238        31.7238864899         8.6614475250        43.2761116028     0.14377556741238                  1.0                    0         4.1549420357         2.2716665268          0 ellipse      [        4.4711413383         3.7767705917]          7.909596920     0.60298109054565         20
