 
--------------------------------------------------------------------------------
Data for Table Block SRCLIST
--------------------------------------------------------------------------------
 
ROW    RA                   DEC                  RA_ERR               DEC_ERR              POS(X,Y)                                 X_ERR                Y_ERR                NPIXSOU    NET_COUNTS           NET_COUNTS_ERR       BKG_COUNTS           BKG_COUNTS_ERR       NET_RATE             NET_RATE_ERR         BKG_RATE             BKG_RATE_ERR         EXPTIME              EXPTIME_ERR          SRC_SIGNIFICANCE     PSF_SIZE             MULTI_CORREL_MAX SHAPE        R[2]                                     ROTANG               PSFRATIO             COMPONENT
 
     1       266.4216111799       -29.0362628330      4.587306779E-05      3.976219825E-05 (     4040.3396226415,     3880.2452830189)     0.29344736098301     0.29096475997358        119        44.6893424988         7.2803845406         8.3106565475     0.06322808563709        44.6893424988         7.2803845406         8.3106565475     0.06322808563709                  1.0                    0        11.1442174911         2.5638983250          0 ellipse      [        7.2822289467         5.3317270279]       135.8059234619     0.81011015176773          1
     2       266.4200713995       -29.0301720726      4.627659155E-05      3.667450659E-05        (     4050.18750,     3924.81250)     0.29605148939845     0.26836818808306         96        22.8108215332         5.7449760437        10.1891784668     0.06890767812729        22.8108215332         5.7449760437        10.1891784668     0.06890767812729                  1.0                    0         5.2956757545         2.4041209221          0 ellipse      [        3.8498184681         2.8585109711]        35.1119613647     0.45995199680328          2
     3       266.4066586370       -29.0288937230       3.68384504E-05      3.834239662E-05       (     4136.0,     3934.1666666667)     0.23570226039556     0.28054180384333         23         4.5928649902         2.4496228695         1.4071352482     0.02554364316165         4.5928649902         2.4496228695         1.4071352482     0.02554364316165                  1.0                    0         1.8604243994         2.3703222275          0 ellipse      [        2.586389780     0.74872380495071]       129.1158599854     0.19569474458694          3
     4       266.4223668334       -29.0271225555      7.923306185E-05      5.879490291E-05            (     4035.50,     3947.1250)     0.50689687752492     0.43024742558464         73        16.7744388580         4.8993282318         7.2255606651     0.05847309902310        16.7744388580         4.8993282318         7.2255606651     0.05847309902310                  1.0                    0         4.3865022659         2.3737730980          0 ellipse      [        7.9467086792         5.6863160133]        29.8843288422     0.94394934177399          4
     5       266.4082009391       -29.0261832295      5.646424881E-05      4.555749855E-05       (     4126.1333333333,     3954.0)     0.36127346777539     0.33333333333348         79        23.0268650055         5.4775242805         6.9731345177     0.05721516534686        23.0268650055         5.4775242805         6.9731345177     0.05721516534686                  1.0                    0         6.0932903290         2.3281879425          0 ellipse      [        6.1715874672         5.2107110023]       149.3135986328     0.81190955638885          5
     6       266.4148734670       -29.0175612353      3.910761382E-05      3.132536392E-05 (     4083.4411764706,     4017.0882352941)     0.25022887955538     0.22921427041683         48        21.2465438843         5.8314704895        12.7534551620     0.07776185870171        21.2465438843         5.8314704895        12.7534551620     0.07776185870171                  1.0                    0         4.5450024605         2.2494828701          0 ellipse      [        4.377489090         4.0093154907]       178.4100799561     0.62078857421875          6
     7       266.4106707624       -29.0111271812      3.978513615E-05      2.750742228E-05 (     4110.3333333333,     4064.1666666667)     0.25458753860858     0.20126912147498         30        14.8839044571         4.8994145393         9.1160955429     0.06528447568417        14.8839044571         4.8994145393         9.1160955429     0.06528447568417                  1.0                    0         3.5942480564         2.2224943638          0 ellipse      [        3.7420549393         2.9575371742]       178.6368408203     0.49895140528679          7
     8        266.424104860       -29.0103259095       4.36899752E-05      3.987911111E-05 (     4024.3684210526,     4070.0263157895)     0.27954517033868     0.29182500093475         54        21.8137073517         6.1650362015        16.1862926483     0.08759972453117        21.8137073517         6.1650362015        16.1862926483     0.08759972453117                  1.0                    0         4.2643437386         2.2801077366          0 ellipse      [        5.4190750122         5.1463322639]       106.8106613159     0.77203124761581          8
     9       266.4156338920       -29.0081539762      1.676043036E-05      1.397520725E-05 (     4078.5739130435,     4085.9217391304)     0.10725012340390      0.1022601494260         55       102.1909179688        12.6106214523        56.8090858459     0.16667148470879       102.1909179688        12.6106214523        56.8090858459     0.16667148470879                  1.0                    0        11.9009723663         2.2420213223          0 ellipse      [        3.4504106045         3.2898302078]     0.68453627824783     0.50091165304184          9
    10       266.4169005914       -29.0077848449      1.215477704E-05       9.86876347E-06 (     4070.4680187207,     4088.6224648986)     0.07777805883916     0.07221313848868        237       653.8841552734        30.2179813385       259.1158447266     0.35551387071609       653.8841552734        30.2179813385       259.1158447266     0.35551387071609                  1.0                    0        38.1933746338         2.2457852364          0 ellipse      [        6.3768625259         4.9313879013]        36.4334945679     0.83233588933945         10
    11       266.4155990945       -29.0064564603      2.104412079E-05      1.799916131E-05 (     4078.7962962963,     4098.3425925926)     0.13466366887133     0.13170432148854         70       120.9455337524        13.9296751022        73.0544662476     0.18932437896729       120.9455337524        13.9296751022        73.0544662476     0.18932437896729                  1.0                    0        12.6103782654         2.2465422153          0 ellipse      [        4.2103219032         4.0939064026]        18.7870845795     0.61601430177689         11
    12       266.4085416285       -29.0061868488      1.585713977E-05      1.372646713E-05 (     4123.9589041096,     4100.3150684932)     0.10147783247612     0.10043387267524         77        74.5855026245         9.5920896530        17.4144935608     0.09049912542105        74.5855026245         9.5920896530        17.4144935608     0.09049912542105                  1.0                    0        14.1744117737         2.2341778278          0 ellipse      [        2.6809844971         2.4909996986]        40.9488754272     0.38556268811226         12
    13       266.4158167540       -29.0056714660      1.427144201E-05      1.579927455E-05 (     4077.4032921811,     4104.0864197531)     0.09132440769690     0.11560674897373        100       204.0975189209        17.2059383392        91.9024810791     0.21055948734283       204.0975189209        17.2059383392        91.9024810791     0.21055948734283                  1.0                    0        19.2080650330         2.2486124039          0 ellipse      [        5.4127082825         4.2628126144]        94.4947586060     0.71206492185593         13
    14       266.4169195164       -29.0015016411      2.143204915E-05      2.730789776E-05 (     4070.3453237410,     4134.5971223022)     0.13714888364257     0.19981861876749         93        99.1738281250        11.7906141281        39.8261680603     0.13628448545933        99.1738281250        11.7906141281        39.8261680603     0.13628448545933                  1.0                    0        13.4565267563         2.2734415531          0 ellipse      [        7.2302894592         4.6047015190]        74.1153945923     0.84600615501404         14
    15       266.4256017208       -29.0010003875       6.07400836E-05      5.328562117E-05 (     4014.7826086957,     4138.2608695652)     0.38866998134836     0.38993669838874         55        14.2362518311         4.7962527275         8.7637481689     0.06354776769876        14.2362518311         4.7962527275         8.7637481689     0.06354776769876                  1.0                    0         3.4854874611         2.3143815994          0 ellipse      [        6.0156650543         5.1533069611]        45.6072845459     0.80191552639008         15
    16       266.4070431745       -29.0003873523      5.353134264E-05        5.3699435E-05            (     4133.550,     4142.750)     0.34260035026273     0.39290584113769         47        13.2265558243         4.4724922180         6.7734436989     0.05646825954318        13.2265558243         4.4724922180         6.7734436989     0.05646825954318                  1.0                    0         3.5337820053         2.2690153122          0 ellipse      [        6.2727303505         3.0931947231]       128.5383911133     0.64710277318954         16
    17       266.4233469027       -28.9979216726      3.957938389E-05      3.461146299E-05 (     4029.2105263158,     4160.7894736842)     0.25327710693955     0.25327710693909         33        12.1976099014         4.3592767715         6.8023900986     0.05740859359503        12.1976099014         4.3592767715         6.8023900986     0.05740859359503                  1.0                    0         3.2542917728         2.3241460323          0 ellipse      [        3.8514666557         2.6655700207]        26.5650520325     0.45954012870789         17
    18       266.4159799237       -28.9837063925      3.531476909E-05      4.513919446E-05 (     4076.3548387097,     4264.8064516129)     0.22602932363770     0.33029282514235         64        24.7642288208         5.5680336952         6.2357711792     0.05474720895290        24.7642288208         5.5680336952         6.2357711792     0.05474720895290                  1.0                    0         6.7976431847         2.4857521057          0 ellipse      [        5.5388903618         3.7432129383]        96.9244232178     0.61059683561325         18
    19       266.4087075009       -29.0396676874      4.558482584E-05      5.681914198E-05 (     4122.8888888889,     3855.3333333333)     0.29162992126021     0.41573970964146         45         6.5487151146         3.0003674030         2.4512848854     0.04695579409599         6.5487151146         3.0003674030         2.4512848854     0.04695579409599                  1.0                    0         2.3478715420         2.6384303570          0 ellipse      [        3.8337001801         2.4882988930]        73.3625564575     0.39020556211472         19
    20       266.4223780217       -29.0072432502      3.425077642E-05      2.525080286E-05 (     4035.4166666667,     4092.5833333333)     0.21916296997324     0.18477964855037         63        31.0348148346         8.1864032745        35.9651870728     0.13115465641022        31.0348148346         8.1864032745        35.9651870728     0.13115465641022                  1.0                    0         4.3962984085         2.2743027210          0 ellipse      [        2.3355784416         1.8493441343]       158.7447814941     0.30460467934608         20
    21       266.4134316278       -29.0117080305       2.81331001E-05      3.400799772E-05 (     4092.6666666667,     4059.9166666667)     0.18002057495596     0.24883990093304         48         9.5491991043         5.8319368362        24.4507999420     0.10717697441578         9.5491991043         5.8319368362        24.4507999420     0.10717697441578                  1.0                    0         1.5862352848         2.2267053127          0 ellipse      [        2.7314314842         1.6512969732]       113.8377151489     0.31792432069778         21
    22       266.4075400404       -28.9858665403       5.48013457E-05        6.8335481E-05             (     4130.3750,     4249.0)     0.35078038001029                 0.50         27         5.6707196236         2.8286230564         2.3292803764     0.03328971564770         5.6707196236         2.8286230564         2.3292803764     0.03328971564770                  1.0                    0         2.0584959984         2.4585871696          0 ellipse      [        4.5472335815         2.4863710403]       115.4530715942     0.45587915182114         22
